STARLINK-31             
1 44235U 19029A   20096.91667824 -.00034965  00000-0 -19982-2 0  9999
2 44235  53.0029 179.7619 0001129 128.0874 215.6601 15.12135686  1811
STARLINK-22             
1 44236U 19029B   20096.83334491 -.00035025  00000-0 -46081-3 0  9991
2 44236  53.0030 161.6751 0009621 343.4181 332.0961 15.57561869 49472
STARLINK-23             
1 44237U 19029C   20096.91667824 -.00035791  00000-0 -20464-2 0  9996
2 44237  52.9992 179.5421 0001205 118.4296 189.3375 15.12129144  1812
STARLINK-24             
1 44238U 19029D   20096.68954188  .00002767  00000-0  17311-3 0  9996
2 44238  52.9970 179.6885 0001260 114.7531 245.3592 15.12687994 46473
STARLINK-25             
1 44239U 19029E   20096.75001157  .00017594  00000-0  10240-2 0  9991
2 44239  53.0061 180.7790 0001004 121.5138  88.4304 15.12126747  1797
STARLINK-26             
1 44240U 19029F   20096.91667824  .00015903  00000-0  35628-3 0  9990
2 44240  53.0066 150.4465 0001552 116.0036 229.3876 15.43624399 48523
STARLINK-27             
1 44241U 19029G   20096.91667824 -.00034003  00000-0 -19422-2 0  9998
2 44241  53.0054 179.8967 0001174  94.1744 267.5871 15.12140539  1821
STARLINK-28             
1 44242U 19029H   20096.91667824  .00000470  00000-0  12838-4 0  9994
2 44242  52.9930 155.2095 0001623  55.1710 152.4790 15.57747221 48454
STARLINK-29             
1 44243U 19029J   20096.83334491  .00031674  00000-0  43124-3 0  9998
2 44243  52.9967 104.0839 0009465 339.4594 263.1518 15.57244935  1814
STARLINK-30             
1 44244U 19029K   20096.83334491 -.00026489  00000-0 -15076-2 0  9993
2 44244  53.0003 179.8089 0000883 119.4484  34.4045 15.12142008  1806
STARLINK-21             
1 44245U 19029L   20096.91667824 -.00022101  00000-0 -12549-2 0  9991
2 44245  52.9984 179.6180 0001207  97.4086 234.3731 15.12123608 48109
STARLINK-33             
1 44247U 19029N   20096.91667824 -.00000929  00000-0 -57452-5 0  9992
2 44247  53.0041 156.8334 0001564  46.1584 139.1551 15.57515888  1784
STARLINK-34             
1 44248U 19029P   20096.84013235  .00572260  00000-0  78676-2 0  9994
2 44248  52.9999 167.1200 0000874  51.2653 308.8435 15.54766092 46663
STARLINK-61             
1 44249U 19029Q   20096.75001157 -.00004697  00000-0 -21320-3 0  9996
2 44249  52.9995 170.1898 0008176 141.7683  81.9917 15.17910376  1792
STARLINK-36             
1 44250U 19029R   20096.91667824 -.00033663  00000-0 -19220-2 0  9995
2 44250  53.0002 179.5271 0000864 113.6260 164.2058 15.12151275  1755
STARLINK-37             
1 44251U 19029S   20096.83334491 -.00028399  00000-0 -16190-2 0  9991
2 44251  52.9820 179.0596 0001044  96.3231  93.6085 15.12118980 48036
STARLINK-71             
1 44252U 19029T   20096.75001157  .00015279  00000-0  89201-3 0  9998
2 44252  53.0001 179.4269 0001183 104.6954  99.2977 15.12116603 48032
STARLINK-39             
1 44253U 19029U   20096.83334491 -.00030041  00000-0 -17129-2 0  9993
2 44253  53.0051 180.2385 0001081  95.1654 160.7010 15.12141782 48088
STARLINK-32             
1 44254U 19029V   20096.91667824 -.00035608  00000-0 -20359-2 0  9995
2 44254  52.9991 179.5350 0001138 105.2872 196.5063 15.12127335  1814
STARLINK-66             
1 44255U 19029W   20096.75001157 -.00018981  00000-0 -24786-3 0  9993
2 44255  53.0021 157.4125 0001373  51.9860 259.9339 15.57449017  1847
STARLINK-42             
1 44256U 19029X   20096.91667824 -.00000774  00000-0 -36817-5 0  9992
2 44256  52.9918 157.7471 0002589  50.7917 274.0560 15.57426872  1778
STARLINK-43             
1 44257U 19029Y   20096.75001157 -.00035814  00000-0 -11784-2 0  9992
2 44257  52.9998 136.9879 0000925  39.3494 236.9089 15.30856654  1794
STARLINK-40             
1 44258U 19029Z   20096.91667824 -.00034182  00000-0 -19533-2 0  9997
2 44258  52.9998 179.5374 0001097 114.5972 181.1629 15.12127443  1750
STARLINK-52             
1 44259U 19029AA  20096.83334491  .00032884  00000-0  44664-3 0  9999
2 44259  52.9989 105.8439 0001890  48.4378  40.7157 15.57335240 49013
STARLINK-45             
1 44260U 19029AB  20096.58334491  .00014093  00000-0  82453-3 0  9993
2 44260  53.0099 179.9009 0001095 111.7014 198.5187 15.12103335 48127
STARLINK-44             
1 44261U 19029AC  20096.91667824 -.00033446  00000-0 -19105-2 0  9998
2 44261  52.9998 179.5168 0001078 102.7553 186.9621 15.12130747 48115
STARLINK-49             
1 44262U 19029AD  20096.91667824 -.00032008  00000-0 -18272-2 0  9996
2 44262  53.0051 179.9053 0001181 120.6655 247.0943 15.12132042  1768
STARLINK-72             
1 44263U 19029AE  20096.91667824 -.00036704  00000-0 -20996-2 0  9990
2 44263  53.0012 179.3750 0001146 120.9483 120.8903 15.12124229  1804
STARLINK-35             
1 44264U 19029AF  20096.91667824 -.00033315  00000-0 -19026-2 0  9998
2 44264  53.0006 179.4672 0001297 115.0951 144.6647 15.12136534  1759
STARLINK-63             
1 44265U 19029AG  20096.91667824 -.00033478  00000-0 -19126-2 0  9990
2 44265  52.9999 178.8415 0001309 145.5594 120.2116 15.12125626  1753
STARLINK-54             
1 44266U 19029AH  20096.91667824 -.00031784  00000-0 -18132-2 0  9995
2 44266  52.9947 178.8344 0000733 104.8869 304.9065 15.12152820  1818
STARLINK-69             
1 44267U 19029AJ  20096.91667824 -.00034404  00000-0 -19659-2 0  9993
2 44267  53.0000 178.6877 0001235  97.9596 239.8000 15.12131618  1803
STARLINK-55             
1 44268U 19029AK  20096.91667824 -.00002993  00000-0 -32824-4 0  9993
2 44268  52.9927 156.0900 0001576  58.5180 162.4253 15.57876391 48396
STARLINK-57             
1 44269U 19029AL  20096.91667824 -.00031671  00000-0 -18071-2 0  9995
2 44269  52.9991 179.2276 0001027 101.7066 272.0248 15.12144225 48146
STARLINK-58             
1 44270U 19029AM  20096.91667824  .06324762  00000-0  69043-1 0  9991
2 44270  53.0017 167.0562 0001295 127.2222  13.3275 15.57939709 48319
STARLINK-59             
1 44271U 19029AN  20096.91667824 -.00034132  00000-0 -19501-2 0  9992
2 44271  52.9981 178.7731 0001289 121.1749 108.6023 15.12133054 48134
STARLINK-51             
1 44272U 19029AP  20096.58334491  .00011165  00000-0  65704-3 0  9993
2 44272  52.9990 180.9102 0001075 112.6737 125.5250 15.12103410  1814
STARLINK-60             
1 44273U 19029AQ  20096.40072273  .00032271  00000-0  49282-3 0  9996
2 44273  52.9971  96.7684 0003307 176.2038 183.8996 15.54152944 49215
STARLINK-62             
1 44274U 19029AR  20096.91667824  .07110892  00000-0  85548-1 0  9991
2 44274  53.0025 166.7962 0003486  77.6008 347.3892 15.55533463 48271
STARLINK-64             
1 44275U 19029AS  20096.83334491 -.00035163  00000-0 -94739-3 0  9990
2 44275  52.9902 166.8271 0007194  88.7279 274.6146 15.37092225  1810
STARLINK-65             
1 44276U 19029AT  20096.91667824 -.00031671  00000-0 -18074-2 0  9996
2 44276  53.0013 179.3465 0001230 119.6442  86.0451 15.12136997 48128
STARLINK-41             
1 44277U 19029AU  20096.91667824 -.00009450  00000-0 -10514-3 0  9999
2 44277  53.0045 159.7990 0007308 349.0091 331.3303 15.60789015  1826
STARLINK-67             
1 44278U 19029AV  20096.91667824  .00009887  11181-4  36976-4 0  9999
2 44278  52.9922  20.1559 0007500 351.6177  55.9596 15.93158792 50295
STARLINK-68             
1 44279U 19029AW  20096.83334491 -.00027913  00000-0 -15890-2 0  9998
2 44279  53.0001 178.7030 0001133 124.8629  53.0023 15.12161096  1795
STARLINK-38             
1 44280U 19029AX  20096.91667824 -.00033598  00000-0 -19188-2 0  9998
2 44280  53.0010 179.3090 0000912 128.4570  83.2758 15.12140035 48127
STARLINK-70             
1 44281U 19029AY  20096.91667824 -.00034966  00000-0 -19981-2 0  9990
2 44281  53.0010 178.8739 0001354 106.8931 212.8933 15.12137480  1803
STARLINK-80             
1 44282U 19029AZ  20096.54760529  .00004279  00000-0  18421-3 0  9997
2 44282  53.0252 150.3939 0004015  19.9945 340.1208 15.24703675 46903
STARLINK-56             
1 44283U 19029BA  20096.91667824 -.00033981  00000-0 -19415-2 0  9990
2 44283  53.0012 179.3932 0001193  93.7585 129.9483 15.12130706 48126
STARLINK-73             
1 44284U 19029BB  20096.83334491 -.00025964  00000-0 -14766-2 0  9999
2 44284  53.0008 179.7459 0001029 106.7128  17.1616 15.12158648  1799
STARLINK-50             
1 44285U 19029BC  20096.91667824 -.00034926  00000-0 -19966-2 0  9993
2 44285  52.9994 179.3655 0000974 119.9709 115.7619 15.12124120  1803
STARLINK-75             
1 44286U 19029BD  20096.91667824 -.00001656  00000-0 -15341-4 0  9993
2 44286  53.0049 158.2164 0009565  18.3603 108.2015 15.57427188 49479
STARLINK-76             
1 44287U 19029BE  20096.83334491 -.00028609  00000-0 -16305-2 0  9992
2 44287  52.9989 179.9423 0001320 119.8480 100.0155 15.12132347  1799
STARLINK-79             
1 44288U 19029BF  20096.83334491 -.00030926  00000-0 -17646-2 0  9997
2 44288  53.0056 180.3577 0001246 113.5419 178.2843 15.12131424 49173
STARLINK-48             
1 44289U 19029BG  20096.91667824 -.00007840  00000-0 -34881-3 0  9996
2 44289  53.0016 156.3216 0000771  57.0126 267.4804 15.19633908 49496
STARLINK-78             
1 44290U 19029BH  20096.83334491 -.00030997  00000-0 -17679-2 0  9994
2 44290  53.0053 180.2506 0001153 134.3978 151.4583 15.12147351  1798
STARLINK-77             
1 44291U 19029BJ  20096.91667824 -.00032756  00000-0 -18695-2 0  9997
2 44291  53.0062 180.0503 0001083 131.8155 271.9384 15.12151533 49173
STARLINK-81             
1 44292U 19029BK  20096.83334491 -.00030509  00000-0 -17402-2 0  9999
2 44292  53.0057 180.4549 0000961 125.0087 196.8399 15.12137934  1791
STARLINK-74             
1 44293U 19029BL  20096.91667824 -.00034582  00000-0 -19758-2 0  9999
2 44293  53.0055 179.9276 0001242 102.6944 253.0054 15.12138905  1801
STARLINK-53             
1 44294U 19029BM  20096.91667824 -.00031390  00000-0 -17897-2 0  9996
2 44294  52.9977 178.7399 0001412 123.3625  76.3793 15.12165297  1755
STARLINK-1007           
1 44713U 19074A   20096.91667824 -.00033411  00000-0 -24919-2 0  9991
2 44713  52.9990 179.8308 0001564  78.1523 338.5110 15.02336329  1818
STARLINK-1008           
1 44714U 19074B   20096.91667824 -.00035659  00000-0 -24379-2 0  9998
2 44714  53.0063 180.1424 0001123  73.9344 253.9006 15.05620512  1751
STARLINK-1009           
1 44715U 19074C   20096.91667824 -.00034421  00000-0 -23543-2 0  9997
2 44715  52.9944 180.1974 0001309  85.8518 296.0382 15.05586582 22801
STARLINK-1010           
1 44716U 19074D   20096.83334491 -.00028388  00000-0 -22061-2 0  9999
2 44716  52.9988 177.6792 0001479  70.1292  55.6741 15.00701268  1791
STARLINK-1011           
1 44717U 19074E   20096.91667824 -.00031698  00000-0 -21659-2 0  9998
2 44717  52.9994 200.1749 0001139 105.4871 148.2267 15.05583188  1753
STARLINK-1012           
1 44718U 19074F   20096.70026314  .00001408  00000-0  11581-3 0  9997
2 44718  52.9993 181.1458 0000813  68.6013 291.5061 15.05567650 22779
STARLINK-1013           
1 44719U 19074G   20096.66667824  .00043380  00000-0  29779-2 0  9992
2 44719  52.9987 181.2995 0001254  78.1412  45.9056 15.05583585  1822
STARLINK-1014           
1 44720U 19074H   20096.83334491  .04626922  00000-0  23404+0 0  9993
2 44720  53.0067 180.7496 0004404 279.8787 185.4352 15.12047675 22791
STARLINK-1015           
1 44721U 19074J   20096.91667824 -.00029698  00000-0 -20264-2 0  9991
2 44721  52.9889 180.2290 0001230  80.1934 283.6540 15.05601993 22803
STARLINK-1016           
1 44722U 19074K   20096.91667824 -.00032619  00000-0 -22294-2 0  9994
2 44722  53.0068 180.1312 0001359  73.3629 272.4588 15.05587118  1757
STARLINK-1017           
1 44723U 19074L   20096.83334491 -.00026259  00000-0 -17890-2 0  9996
2 44723  52.9986 180.5483 0001397  72.2036 109.7520 15.05593918  1843
STARLINK-1019           
1 44724U 19074M   20096.66667824  .00043590  00000-0  29926-2 0  9995
2 44724  53.0006 181.3019 0001400  80.8677 115.1776 15.05577833  1824
STARLINK-1020           
1 44725U 19074N   20096.91667824 -.00036488  00000-0 -24973-2 0  9991
2 44725  52.9995 200.1733 0001367 110.7847 286.9659 15.05589692 22520
STARLINK-1021           
1 44726U 19074P   20096.91667824 -.00027401  00000-0 -18681-2 0  9996
2 44726  52.9986 180.1761 0001170  84.3749  45.3921 15.05591717 22809
STARLINK-1022           
1 44727U 19074Q   20096.91667824 -.00011719  00000-0 -78613-3 0  9994
2 44727  53.0227 220.0504 0001482 103.8809  96.0107 15.05595642  1750
STARLINK-1023           
1 44728U 19074R   20096.91667824 -.00029894  00000-0 -22264-2 0  9998
2 44728  53.0001 179.0303 0001296  84.1909  44.1785 15.02336580 22824
STARLINK-1024           
1 44729U 19074S   20096.91667824 -.00032744  00000-0 -22381-2 0  9997
2 44729  52.9995 200.1691 0001208 108.5600 199.1469 15.05587154  1750
STARLINK-1025           
1 44730U 19074T   20096.91667824 -.00027495  00000-0 -18748-2 0  9998
2 44730  53.0008 180.1718 0001502  79.1761 212.6915 15.05587710  1759
STARLINK-1026           
1 44731U 19074U   20096.91667824 -.00032345  00000-0 -22093-2 0  9997
2 44731  52.9997 180.1750 0001160  64.4940 353.3602 15.05606770 22800
STARLINK-1027           
1 44732U 19074V   20096.83334491 -.00007382  00000-0 -58055-3 0  9991
2 44732  52.9990 199.9523 0001498  79.7131 227.7469 14.99105949  1799
STARLINK-1028           
1 44733U 19074W   20096.91667824 -.00031542  00000-0 -21539-2 0  9991
2 44733  52.9988 180.1765 0001205  72.0916  75.7773 15.05603145  1754
STARLINK-1029           
1 44734U 19074X   20096.65150272 -.00003012  00000-0 -29603-4 0  9990
2 44734  52.9985 172.4604 0006149  74.5483 285.6207 15.60514479 22722
STARLINK-1030           
1 44735U 19074Y   20096.91667824 -.00031698  00000-0 -21653-2 0  9992
2 44735  52.9988 200.1754 0001325 111.0240 304.7113 15.05593074 22524
STARLINK-1031           
1 44736U 19074Z   20096.91667824 -.00039458  00000-0 -32116-2 0  9991
2 44736  53.0020 198.7302 0001789  83.6975 286.5130 14.99097181 22557
STARLINK-1032           
1 44737U 19074AA  20096.91667824 -.00037018  00000-0 -25336-2 0  9998
2 44737  52.9998 200.1678 0000895  82.8796 188.7414 15.05597020  1801
STARLINK-1033           
1 44738U 19074AB  20096.91667824 -.00038328  00000-0 -26240-2 0  9999
2 44738  52.9938 200.2052 0001379 122.2385 221.4219 15.05602193 22522
STARLINK-1052           
1 44739U 19074AC  20096.91667824 -.00037340  00000-0 -25555-2 0  9991
2 44739  52.9983 200.1764 0001337 118.9629 260.7012 15.05602307 22523
STARLINK-1035           
1 44740U 19074AD  20096.83334491 -.00002685  00000-0 -16511-3 0  9992
2 44740  53.0020 200.5414 0000912 107.9300  89.8737 15.05592294  1790
STARLINK-1036           
1 44741U 19074AE  20096.91667824 -.00033922  00000-0 -23184-2 0  9992
2 44741  52.9986 200.1720 0001077 109.9384 125.8098 15.05607817 22537
STARLINK-1037           
1 44742U 19074AF  20096.54871133 -.00006607  00000-0 -43308-3 0  9993
2 44742  52.9995 201.7910 0002087 132.7411 227.3753 15.05711560 22305
STARLINK-1038           
1 44743U 19074AG  20096.91667824 -.00021679  00000-0 -14727-2 0  9993
2 44743  52.9989 220.1723 0001142 113.3542 194.6344 15.05594828  1807
STARLINK-1039           
1 44744U 19074AH  20096.91667824 -.00019506  00000-0 -13223-2 0  9990
2 44744  53.0006 220.1726 0000953  95.4643 176.6148 15.05607652  1806
STARLINK-1040           
1 44745U 19074AJ  20096.66232140  .00069353  00000-0  30154-3 0  9998
2 44745  52.9933 159.3179 0003920 339.0863  20.9998 15.84179328 22906
STARLINK-1041           
1 44746U 19074AK  20096.83334491  .00029837  00000-0  20576-2 0  9999
2 44746  52.9991 220.5454 0001512  94.7880 139.2726 15.05592907  1788
STARLINK-1042           
1 44747U 19074AL  20096.91667824 -.00011771  00000-0 -78970-3 0  9990
2 44747  53.0226 220.0570 0001585  84.5728  97.3463 15.05596311  1756
STARLINK-1043           
1 44748U 19074AM  20096.91667824 -.00019965  00000-0 -13542-2 0  9997
2 44748  53.0080 220.1374 0001218  72.3609 325.7131 15.05600760  1815
STARLINK-1044           
1 44749U 19074AN  20096.91667824 -.00033574  00000-0 -22951-2 0  9994
2 44749  52.9999 200.1737 0001101 123.5017  94.1378 15.05595331 22536
STARLINK-1045           
1 44750U 19074AP  20096.91667824 -.00017870  00000-0 -12096-2 0  9996
2 44750  52.9999 220.1730 0001154  82.3927 171.6970 15.05603294  1807
STARLINK-1046           
1 44751U 19074AQ  20096.83334491  .00032681  00000-0  22511-2 0  9997
2 44751  52.9998 220.5480 0001298  94.3537 103.7147 15.05590753  1797
STARLINK-1047           
1 44752U 19074AR  20096.83334491  .00003581  00000-0  26487-3 0  9992
2 44752  52.9995 200.5495 0000936 104.9039   2.8699 15.05566126 22513
STARLINK-1048           
1 44753U 19074AS  20096.91667824 -.00034576  00000-0 -23654-2 0  9993
2 44753  52.9991 180.1786 0001292  89.9869 129.8197 15.05580740 22819
STARLINK-1049           
1 44754U 19074AT  20096.83334491 -.00026328  00000-0 -17943-2 0  9996
2 44754  52.9989 180.5515 0001280  83.2023  26.6564 15.05584053 22797
STARLINK-1050           
1 44755U 19074AU  20096.83334491  .00032703  00000-0  22534-2 0  9991
2 44755  53.0277 220.4028 0001389  97.7843  46.2622 15.05578400 22256
STARLINK-1051           
1 44756U 19074AV  20096.83334491 -.00027022  00000-0 -18419-2 0  9999
2 44756  52.9999 180.5523 0001398  72.6040  19.2453 15.05591989  1798
STARLINK-1034           
1 44757U 19074AW  20096.91667824 -.00031712  00000-0 -21668-2 0  9999
2 44757  53.0018 200.1739 0001055 108.6197  19.0261 15.05585021 22534
STARLINK-1053           
1 44758U 19074AX  20096.91667824 -.00014925  00000-0 -10069-2 0  9990
2 44758  53.0148 220.1040 0001412 110.0915 359.8274 15.05594760  1815
STARLINK-1054           
1 44759U 19074AY  20096.91667824 -.00014403  00000-0 -97097-3 0  9999
2 44759  53.0185 220.0808 0001382  96.5564  49.4703 15.05594223  1804
STARLINK-1055           
1 44760U 19074AZ  20096.91667824 -.00015178  00000-0 -10236-2 0  9990
2 44760  53.0249 220.0428 0001534 111.8423 106.1172 15.05620405  1802
STARLINK-1056           
1 44761U 19074BA  20096.91667824 -.00014377  00000-0 -96891-3 0  9993
2 44761  53.0199 220.0702 0001202  98.5062  65.5330 15.05605938 22265
STARLINK-1057           
1 44762U 19074BB  20096.91667824 -.00031319  00000-0 -21386-2 0  9995
2 44762  52.9990 200.1701 0001443  62.2587  83.3628 15.05600299 22520
STARLINK-1058           
1 44763U 19074BC  20096.83334491  .00026944  00000-0  18625-2 0  9996
2 44763  53.0087 220.5016 0001183  90.3412 233.6892 15.05556145 22247
STARLINK-1059           
1 44764U 19074BD  20096.75377288 -.00007538  00000-0 -49802-3 0  9991
2 44764  53.0003 200.8997 0001538 123.0365 237.0771 15.05628608 22338
STARLINK-1060           
1 44765U 19074BE  20096.91667824 -.00032984  00000-0 -22535-2 0  9994
2 44765  53.0009 200.1720 0001240  95.3424 338.3582 15.05607481 22521
STARLINK-1061           
1 44766U 19074BF  20096.91667824 -.00015589  00000-0 -10525-2 0  9993
2 44766  53.0119 220.1117 0001304  97.1292 354.8791 15.05600296 22252
STARLINK-1062           
1 44767U 19074BG  20096.91667824 -.00014860  00000-0 -10026-2 0  9991
2 44767  53.0174 220.0903 0001259  80.4293  47.5953 15.05589526  1751
STARLINK-1063           
1 44768U 19074BH  20096.91667824 -.00019202  00000-0 -13023-2 0  9997
2 44768  53.0013 220.1583 0001320  97.7471 264.3023 15.05579574  1767
STARLINK-1064           
1 44769U 19074BJ  20096.91667824 -.00019543  00000-0 -13256-2 0  9994
2 44769  53.0018 220.1663 0001516 103.3317 240.6597 15.05585864 22251
STARLINK-1065           
1 44770U 19074BK  20096.77762146  .00001718  00000-0  13649-3 0  9993
2 44770  53.0036 220.7545 0002515 116.0397 244.0850 15.05755992 22067
STARLINK-1067           
1 44771U 19074BL  20096.91667824 -.00016803  00000-0 -11364-2 0  9991
2 44771  53.0094 220.1241 0001185  90.5022 343.4366 15.05593624 22251
STARLINK-1068           
1 44772U 19074BM  20096.83334491 -.00002589  00000-0 -15855-3 0  9990
2 44772  52.9996 200.5425 0001415 109.7720 268.0438 15.05585669 22512
STARLINK-1073           
1 44914U 20001A   20096.91667824  .00016721  00000-0  11639-2 0  9994
2 44914  53.0009 340.1685 0002070  79.3958  89.8387 15.05583141  1757
STARLINK-1084           
1 44915U 20001B   20096.75001157  .00058067  00000-0  39695-2 0  9999
2 44915  53.0013 340.9120 0001665  73.4892 109.8285 15.05600934 13715
STARLINK-1097           
1 44916U 20001C   20096.91667824 -.00022655  00000-0 -15392-2 0  9991
2 44916  53.0006 340.1662 0002459  75.1454 238.1047 15.05612240  1752
STARLINK-1098           
1 44917U 20001D   20096.91667824 -.00025601  00000-0 -17425-2 0  9995
2 44917  53.0015 340.1667 0002084  77.6993 271.4446 15.05614459 13735
STARLINK-1099           
1 44918U 20001E   20096.91667824 -.00022314  00000-0 -15157-2 0  9994
2 44918  53.0019 340.1628 0002322  79.8915 215.3415 15.05611048  1753
STARLINK-1101           
1 44919U 20001F   20096.83334491 -.00033213  00000-0 -22698-2 0  9995
2 44919  53.0013 340.5434 0002807  77.5494  53.6304 15.05595698 13724
STARLINK-1102           
1 44920U 20001G   20096.91667824 -.00021414  00000-0 -14549-2 0  9991
2 44920  53.0013 340.1686 0002107  63.7812 141.4555 15.05579366 13734
STARLINK-1103           
1 44921U 20001H   20096.91667824 -.00020774  00000-0 -14100-2 0  9993
2 44921  53.0011 340.1691 0002503  75.9780 165.2579 15.05597083 13734
STARLINK-1104           
1 44922U 20001J   20096.83334491 -.00031990  00000-0 -21852-2 0  9990
2 44922  53.0026 340.5378 0002501  77.5817 107.7151 15.05596044 13726
STARLINK-1106           
1 44923U 20001K   20096.91667824 -.00025893  00000-0 -17627-2 0  9999
2 44923  53.0018 340.1705 0002082  74.4723  58.7034 15.05613690  1802
STARLINK-1111           
1 44924U 20001L   20096.91667824 -.00022201  00000-0 -15095-2 0  9997
2 44924  53.0014 340.1714 0002449  77.7628 109.4813 15.05572973 13738
STARLINK-1112           
1 44925U 20001M   20096.91667824 -.00026355  00000-0 -17958-2 0  9992
2 44925  53.0014 340.1686 0001543  75.5258  39.7225 15.05590684 13737
STARLINK-1113           
1 44926U 20001N   20096.91667824 -.00027553  00000-0 -18792-2 0  9991
2 44926  53.0047 340.1472 0002410  80.7980 358.3850 15.05577951  1802
STARLINK-1114           
1 44927U 20001P   20096.83334491 -.00031800  00000-0 -21712-2 0  9990
2 44927  53.0032 340.5363 0002214  70.1858 241.1312 15.05611400  1797
STARLINK-1119           
1 44928U 20001Q   20096.75001157 -.00029377  00000-0 -20041-2 0  9992
2 44928  53.0041 340.9096 0002008  76.8433 160.5434 15.05602468 13716
STARLINK-1121           
1 44929U 20001R   20096.91667824 -.00017128  00000-0 -11587-2 0  9996
2 44929  53.0002 340.1722 0002528  73.5057  77.6932 15.05593486  1802
STARLINK-1123           
1 44930U 20001S   20096.91667824 -.00024520  00000-0 -16691-2 0  9993
2 44930  53.0024 340.1637 0002380  73.9964 257.1319 15.05587044 13732
STARLINK-1128           
1 44931U 20001T   20096.91667824 -.00027223  00000-0 -18562-2 0  9996
2 44931  53.0098 340.1272 0002408  68.4110  28.8500 15.05580724 14477
STARLINK-1130 (DARKSAT) 
1 44932U 20001U   20096.91667824 -.00026127  00000-0 -17807-2 0  9990
2 44932  53.0026 340.1644 0001788  66.6302 318.5784 15.05577059  1819
STARLINK-1144           
1 44933U 20001V   20096.91667824 -.00020991  00000-0 -14253-2 0  9996
2 44933  53.0006 340.1711 0002175  73.0819 186.0897 15.05589850 15022
STARLINK-1071           
1 44934U 20001W   20096.91667824 -.00010881  00000-0 -72894-3 0  9990
2 44934  53.0011 320.1642 0001212  53.7891  99.6140 15.05572407 14014
STARLINK-1072           
1 44935U 20001X   20096.91667824 -.00010978  00000-0 -73536-3 0  9992
2 44935  53.0021 320.1594 0001921  85.5541 229.7724 15.05580962  1806
STARLINK-1078           
1 44936U 20001Y   20096.91667824 -.00008387  00000-0 -55722-3 0  9991
2 44936  53.0023 320.1633 0001536  72.9123 116.4686 15.05573226 14012
STARLINK-1079           
1 44937U 20001Z   20096.75001157 -.00036706  00000-0 -25129-2 0  9998
2 44937  53.0007 320.9058 0001301  93.9757   1.6036 15.05583229 13994
STARLINK-1082           
1 44938U 20001AA  20096.83334491 -.00028100  00000-0 -19153-2 0  9997
2 44938  53.0006 320.5598 0001956  79.5360 251.8942 15.05611503  1792
STARLINK-1083           
1 44939U 20001AB  20096.91667824 -.00014868  00000-0 -10035-2 0  9992
2 44939  52.9789 320.2933 0001561  73.6517 313.7288 15.05575170  1813
STARLINK-1091           
1 44940U 20001AC  20096.91667824 -.00012411  00000-0 -83410-3 0  9994
2 44940  52.9687 320.3826 0001347  72.9240 260.4584 15.05579837  1801
STARLINK-1094           
1 44941U 20001AD  20096.91667824 -.00007619  00000-0 -50445-3 0  9991
2 44941  53.0018 320.1632 0001530  80.6738 144.7487 15.05567721 14019
STARLINK-1096           
1 44942U 20001AE  20096.83334491 -.00027592  00000-0 -18817-2 0  9992
2 44942  53.0011 320.5326 0001264  85.2060 120.1328 15.05584641  1849
STARLINK-1100           
1 44943U 20001AF  20096.91667824 -.00015569  00000-0 -10516-2 0  9990
2 44943  52.9891 320.2367 0001497  69.2830 336.0959 15.05581947 14018
STARLINK-1108           
1 44944U 20001AG  20096.91667824 -.00009809  00000-0 -65496-3 0  9999
2 44944  53.0007 320.1661 0001882  75.6766  95.6442 15.05576819  1858
STARLINK-1109           
1 44945U 20001AH  20096.91667824 -.00013276  00000-0 -89329-3 0  9994
2 44945  52.9686 320.3632 0002077  78.9481 272.3082 15.05593590  1856
STARLINK-1110           
1 44946U 20001AJ  20096.91667824 -.00012209  00000-0 -82033-3 0  9995
2 44946  53.0018 320.1603 0001560  69.3038  66.0796 15.05574729 14017
STARLINK-1116           
1 44947U 20001AK  20096.91667824  .00145088  00000-0  97827-2 0  9992
2 44947  53.0011 320.1589 0001432  86.1116 175.2925 15.05546364 14017
STARLINK-1122           
1 44949U 20001AM  20096.91667824 -.00008378  00000-0 -55625-3 0  9997
2 44949  52.9993 320.1712 0002209  77.0544  22.3349 15.05595782  1860
STARLINK-1125           
1 44950U 20001AN  20096.91667824 -.00014359  00000-0 -96837-3 0  9995
2 44950  52.9779 320.3098 0001685  72.3486 297.0456 15.05574815  1867
STARLINK-1126           
1 44951U 20001AP  20096.91667824 -.00014905  00000-0 -10061-2 0  9997
2 44951  52.9992 320.1718 0001613  70.2184  11.1664 15.05574356 15305
STARLINK-1117           
1 44952U 20001AQ  20096.91667824 -.00007578  00000-0 -50152-3 0  9992
2 44952  53.0003 320.1698 0001926  82.8598 124.4824 15.05576808  1803
STARLINK-1124           
1 44953U 20001AR  20096.58334491  .00027381  00000-0  18912-2 0  9996
2 44953  53.0008 321.6673 0001873  84.4941  25.1070 15.05577785  1758
STARLINK-1066           
1 44954U 20001AS  20096.91667824  .00001283  00000-0  19908-4 0  9994
2 44954  53.0000 311.7094 0008751 312.6128 196.2268 15.62766317 14075
STARLINK-1069           
1 44955U 20001AT  20096.75001157 -.00029702  00000-0 -31913-3 0  9995
2 44955  53.0024 312.5297 0006740 336.8641 308.6461 15.62763031  1799
STARLINK-1070           
1 44956U 20001AU  20096.91667824  .00000002  00000-0  58571-5 0  9994
2 44956  53.0004 311.7189 0001209  61.5732  83.8386 15.62748693 14134
STARLINK-1074           
1 44957U 20001AV  20096.83334491 -.00028378  00000-0 -30452-3 0  9991
2 44957  53.0001 312.1531 0007805 335.0165  47.7298 15.62756871  1814
STARLINK-1075           
1 44958U 20001AW  20096.91667824 -.00001011  00000-0 -52069-5 0  9995
2 44958  53.0002 311.7379 0001233  55.2473  80.0080 15.62754001 14134
STARLINK-1076           
1 44959U 20001AX  20096.83334491 -.00028736  00000-0 -30828-3 0  9998
2 44959  53.0000 312.1663 0007471 329.1789  46.7931 15.62775140 14127
STARLINK-1077           
1 44960U 20001AY  20096.91667824 -.00001011  00000-0 -52102-5 0  9996
2 44960  53.0000 311.7310 0001366  57.9296  79.0421 15.62739849  1821
STARLINK-1080           
1 44961U 20001AZ  20096.91667824 -.00002348  00000-0 -19826-4 0  9996
2 44961  52.9999 311.7637 0001397  63.6573  58.0564 15.62731992 14139
STARLINK-1081           
1 44962U 20001BA  20096.91667824  .00002071  00000-0  28444-4 0  9994
2 44962  52.9999 311.7106 0001466  60.3903  86.7643 15.62761111 14131
STARLINK-1085           
1 44963U 20001BB  20096.91667824  .00000107  00000-0  70877-5 0  9991
2 44963  53.0002 311.7237 0007721 332.3324 169.6990 15.62736755  1827
STARLINK-1086           
1 44964U 20001BC  20096.75001157 -.00030155  00000-0 -32439-3 0  9993
2 44964  53.0000 312.5393 0001298  67.0498 215.0789 15.62777291  1793
STARLINK-1087           
1 44965U 20001BD  20096.83334491 -.00029347  00000-0 -31555-3 0  9992
2 44965  53.0000 312.1470 0001330  58.5823 322.4773 15.62774330  1810
STARLINK-1088           
1 44966U 20001BE  20096.91667824 -.00001755  00000-0 -13334-4 0  9990
2 44966  53.0000 311.7515 0001359  49.9317  78.5142 15.62756046 14131
STARLINK-1089           
1 44967U 20001BF  20096.66667824 -.00007515  00000-0 -76293-4 0  9996
2 44967  53.0001 312.9930 0001299  64.2720  86.7283 15.62759422  1783
STARLINK-1090           
1 44968U 20001BG  20096.91667824 -.00000106  00000-0  46774-5 0  9995
2 44968  52.9999 311.7675 0001305  62.1423  57.8508 15.62731856  1775
STARLINK-1092           
1 44969U 20001BH  20096.91667824 -.00000152  00000-0  42707-5 0  9999
2 44969  52.9999 311.7612 0008060 337.0158 146.3623 15.62744033 14138
STARLINK-1093           
1 44970U 20001BJ  20096.66667824 -.00005932  00000-0 -58792-4 0  9995
2 44970  53.0027 312.9646 0007989 335.1398 191.1647 15.62756754  1782
STARLINK-1095           
1 44971U 20001BK  20096.91667824  .00001658  00000-0  23940-4 0  9990
2 44971  52.9999 311.7309 0001400  54.4761  84.1491 15.62755645  1774
STARLINK-1107           
1 44972U 20001BL  20096.91667824 -.00000653  00000-0 -12952-5 0  9999
2 44972  52.9999 311.7736 0001487  60.7019  55.8876 15.62753728  1772
STARLINK-1115           
1 44973U 20001BM  20096.91667824  .00000697  00000-0  13528-4 0  9995
2 44973  52.9998 311.7535 0008244 334.2768 152.4947 15.62748488  1777
FALCON 9 DEB            
1 44974U 20001BN  20070.11763578  .04253460  12293-4  38272-3 0  9998
2 44974  52.9823  68.9601 0001883 166.1558 193.9538 16.38262313 10139
STARLINK-1132           
1 45044U 20006A   20096.83334491  .04888760  00000-0  11286+0 0  9995
2 45044  52.9977 262.4133 0003614  34.3123 324.7898 15.37445006 10938
STARLINK-1120           
1 45045U 20006B   20096.91667824  .00051832  00000-0  37090-2 0  9996
2 45045  52.9999 279.9524 0001436  80.3526 352.3437 15.03945461 10690
STARLINK-1129           
1 45046U 20006C   20096.83334491  .00001570  00000-0  12691-3 0  9994
2 45046  52.9976 280.5674 0001390  72.3938 101.3183 15.05583870 10679
STARLINK-1131           
1 45047U 20006D   20096.75001157 -.00021380  00000-0 -15172-2 0  9995
2 45047  52.9998 280.6988 0001596  98.8999 132.8826 15.03963816  1786
STARLINK-1134           
1 45048U 20006E   20096.83334491 -.00003815  00000-0 -24281-3 0  9990
2 45048  53.0019 280.5452 0001591  89.2200  66.4901 15.05576730  1796
STARLINK-1135           
1 45049U 20006F   20096.83334491  .00004512  00000-0  32851-3 0  9996
2 45049  53.0013 280.5468 0001550  87.3078  50.3624 15.05595875 10677
STARLINK-1140           
1 45050U 20006G   20096.91667824  .00033137  00000-0  22834-2 0  9990
2 45050  52.9996 280.1714 0001434  78.4484 115.2058 15.05568928  1750
STARLINK-1141           
1 45051U 20006H   20096.83334491  .00001520  00000-0  12347-3 0  9993
2 45051  53.0001 280.5466 0001526  92.1073  27.5811 15.05580393  1793
STARLINK-1148           
1 45052U 20006J   20096.83334491 -.00005965  00000-0 -39048-3 0  9990
2 45052  52.9972 280.5577 0001444  82.3227 343.3993 15.05587260  1793
STARLINK-1155           
1 45053U 20006K   20096.91667824  .00037521  00000-0  26979-2 0  9998
2 45053  53.0006 279.9468 0001401  97.9184  64.8317 15.03915912  1806
STARLINK-1156           
1 45054U 20006L   20096.91667824  .00033183  00000-0  22871-2 0  9996
2 45054  53.0007 280.1748 0001986 100.5804  74.9708 15.05560109 10690
STARLINK-1157           
1 45055U 20006M   20096.91667824  .00033171  00000-0  23869-2 0  9992
2 45055  53.0009 279.9451 0001693  88.2116 128.5456 15.03947020  1801
STARLINK-1158           
1 45056U 20006N   20096.83334491 -.00005116  00000-0 -33214-3 0  9991
2 45056  52.9920 280.5920 0001599  90.3239 317.3126 15.05582565  1797
STARLINK-1159           
1 45057U 20006P   20096.91667824  .00033205  00000-0  23899-2 0  9995
2 45057  53.0024 279.9487 0001610  86.0556 112.6916 15.03938391 10695
STARLINK-1162           
1 45058U 20006Q   20096.83334491 -.00004637  00000-0 -31283-3 0  9994
2 45058  53.0027 280.3178 0001522  91.0108  52.3332 15.03961800  1797
STARLINK-1165           
1 45059U 20006R   20096.83334491 -.00002319  00000-0 -14654-3 0  9993
2 45059  53.0018 280.3181 0001547  91.3509 303.9847 15.03969803 10682
STARLINK-1166           
1 45060U 20006S   20096.83334491 -.00003901  00000-0 -26018-3 0  9990
2 45060  53.0004 280.3208 0001317  81.1162 332.1138 15.03947039 10680
STARLINK-1169           
1 45061U 20006T   20096.83334491 -.00002361  00000-0 -14960-3 0  9993
2 45061  53.0014 280.3211 0001567 105.4461 271.8424 15.03953187  1795
STARLINK-1171           
1 45062U 20006U   20096.75001157 -.00026277  00000-0 -18705-2 0  9997
2 45062  53.0022 280.6978 0001468  85.5081 272.3160 15.03964473  1775
STARLINK-1178           
1 45063U 20006V   20096.91667824  .00035545  00000-0  25562-2 0  9990
2 45063  53.0008 279.9473 0001240  90.6551   0.0598 15.03936549 10693
STARLINK-1133           
1 45064U 20006W   20096.91667824  .04175861  00000-0  73351-1 0  9999
2 45064  53.0016 262.9141 0003525  55.6048 333.0676 15.45711504 10949
STARLINK-1139           
1 45065U 20006X   20096.75001157  .02030968  00000-0  36163-1 0  9999
2 45065  53.0012 263.6975 0001214 198.3161 338.0641 15.46211275 10918
STARLINK-1145           
1 45066U 20006Y   20096.83334491  .02729806  00000-0  53098-1 0  9991
2 45066  52.9961 263.3304 0001446 256.0952 305.9229 15.43701144 10922
STARLINK-1150           
1 45067U 20006Z   20096.83334491  .03561617  00000-0  79758-1 0  9998
2 45067  52.9992 262.3058 0003248  69.8329 348.8535 15.39054355 10939
STARLINK-1161           
1 45068U 20006AA  20096.83334491  .02610242  00000-0  51329-1 0  9991
2 45068  52.9978 263.3469 0001438 238.5130 318.6791 15.43527736 10926
STARLINK-1163           
1 45069U 20006AB  20096.91667824  .03520357  00000-0  85837-1 0  9999
2 45069  52.9995 261.9235 0003462  63.1879 347.5932 15.36456713 10940
STARLINK-1164           
1 45070U 20006AC  20096.83334491  .03359564  00000-0  63605-1 0  9992
2 45070  52.9973 263.3025 0001995 291.1516 290.7225 15.44349558 10920
STARLINK-1167           
1 45071U 20006AD  20096.91667824  .02479370  00000-0  60037-1 0  9994
2 45071  52.9998 261.9919 0003065  90.0960 351.0221 15.37361928 10950
STARLINK-1168           
1 45072U 20006AE  20096.91667824  .04758879  00000-0  88480-1 0  9993
2 45072  52.9989 262.8898 0003895  17.3970 312.6918 15.44166978 10931
STARLINK-1170           
1 45073U 20006AF  20096.91667824  .02257803  00000-0  63789-1 0  9998
2 45073  52.9976 261.5911 0001362 217.3081 335.8626 15.32230177 10957
STARLINK-1172           
1 45074U 20006AG  20096.91667824  .04694404  00000-0  89691-1 0  9993
2 45074  52.9997 262.9977 0004964 316.7791 353.5340 15.43416206 10930
STARLINK-1174           
1 45075U 20006AH  20096.83334491  .04881606  00000-0  86735-1 0  9994
2 45075  52.9997 263.3170 0003534 344.4761 291.9945 15.45401441 10920
STARLINK-1180           
1 45076U 20006AJ  20096.83334491  .04211194  00000-0  75441-1 0  9996
2 45076  52.9983 263.2978 0007145 292.1482 335.9790 15.45105386 10928
STARLINK-1182           
1 45077U 20006AK  20096.91667824  .04905473  00000-0  92038-1 0  9996
2 45077  52.9991 262.9152 0003911  12.3121 308.5913 15.43763432 10931
STARLINK-1177           
1 45078U 20006AL  20096.91667824  .02283660  00000-0  54437-1 0  9993
2 45078  52.9982 262.0041 0003055 100.8973 349.0603 15.37571951 10603
STARLINK-1149           
1 45079U 20006AM  20096.91667824  .01274771  00000-0  37710-1 0  9991
2 45079  52.9978 261.7562 0002787 124.4226   1.0605 15.31574461 10607
STARLINK-1153           
1 45080U 20006AN  20096.91667824  .04582920  00000-0  84206-1 0  9996
2 45080  52.9990 262.9369 0003688  39.5697 328.1282 15.44676546 10593
STARLINK-1151           
1 45081U 20006AP  20096.83334491  .05313911  00000-0  91542-1 0  9993
2 45081  52.9976 263.2752 0003465 352.4019 296.1010 15.45929076 10926
STARLINK-1160           
1 45082U 20006AQ  20096.91667824  .05124444  00000-0  98660-1 0  9991
2 45082  52.9981 262.9701 0003638 356.7964 298.8638 15.42788920 10935
STARLINK-1190           
1 45083U 20006AR  20096.91667824  .00035013  00000-0  25183-2 0  9991
2 45083  53.0022 279.9509 0001584  93.6785 302.9861 15.03938240 10691
STARLINK-1173           
1 45084U 20006AS  20096.91667824  .00044865  00000-0  49348-3 0  9997
2 45084  53.0003 260.8282 0001541  54.8818 228.8000 15.62732569  1824
STARLINK-1179           
1 45085U 20006AT  20096.91667824  .00045176  00000-0  49682-3 0  9995
2 45085  53.0018 260.0578 0001265  39.0245 256.5435 15.62734162 10970
STARLINK-1181           
1 45086U 20006AU  20096.83334491  .00027026  00000-0  30012-3 0  9999
2 45086  53.0005 262.7809 0001288  53.4550  92.3271 15.62742982 10936
STARLINK-1185           
1 45087U 20006AV  20096.91667824  .00061696  00000-0  67474-3 0  9991
2 45087  53.0023 262.3802 0001476  52.2629 197.5329 15.62743836  1772
STARLINK-1183           
1 45088U 20006AW  20096.91667824  .00074140  00000-0  80919-3 0  9999
2 45088  53.0000 262.3682 0001271  49.8362 206.7417 15.62719348 10595
STARLINK-1136           
1 45089U 20006AX  20096.83334491  .00029336  00000-0  32534-3 0  9999
2 45089  53.0003 261.2398 0001409  48.9390 124.0024 15.62730300 10604
STARLINK-1176           
1 45090U 20006AY  20096.91667824  .00128532  00000-0  13885-2 0  9994
2 45090  53.0016 260.0602 0001447  46.4971 247.4044 15.62732710 10626
STARLINK-1127           
1 45091U 20006AZ  20096.83334491  .00026799  00000-0  29774-3 0  9994
2 45091  52.9999 262.8176 0001306  51.7535  75.3558 15.62735283  1817
STARLINK-1137           
1 45092U 20006BA  20096.91667824  .00050966  00000-0  55901-3 0  9997
2 45092  53.0022 262.4011 0001261  50.0794 189.5439 15.62749838  1772
STARLINK-1142           
1 45093U 20006BB  20096.83334491  .00027289  00000-0  30287-3 0  9992
2 45093  52.9999 262.8137 0006724 334.8526 153.9659 15.62730264  1819
STARLINK-1146           
1 45094U 20006BC  20096.91667824  .00067504  00000-0  73740-3 0  9996
2 45094  53.0025 262.3924 0001376  56.8995 187.7818 15.62736257 10944
STARLINK-1147           
1 45095U 20006BD  20096.91667824  .00091406  00000-0  99440-3 0  9990
2 45095  52.9999 262.3886 0001215  57.7896 188.6139 15.62713470 10940
STARLINK-1152           
1 45096U 20006BE  20096.91667824  .00048716  00000-0  53488-3 0  9999
2 45096  53.0001 262.3975 0001382  56.6748 186.3488 15.62742711  1824
STARLINK-1175           
1 45097U 20006BF  20096.66667824 -.00023656  00000-0 -25254-3 0  9990
2 45097  53.0019 263.6066 0007577 335.0202 305.8010 15.62777896  1786
STARLINK-1184           
1 45098U 20006BG  20096.91667824  .00091055  00000-0  99090-3 0  9994
2 45098  52.9996 262.4100 0001301  48.1285 186.4147 15.62706870  9143
STARLINK-1186           
1 45099U 20006BH  20096.91667824  .00081332  00000-0  88643-3 0  9994
2 45099  53.0019 262.3768 0005718 331.8785 279.6235 15.62700946 10945
STARLINK-1193           
1 45100U 20006BJ  20096.91667824  .00052107  00000-0  57103-3 0  9992
2 45100  53.0002 262.4183 0008601 334.1113 258.7247 15.62722297 10941
STARLINK-1194           
1 45101U 20006BK  20096.91667824  .00051570  00000-0  56590-3 0  9995
2 45101  53.0021 262.4184 0001469  55.2722 175.9312 15.62732516 10944
STARLINK-1195           
1 45102U 20006BL  20096.58334491 -.00024431  00000-0 -26091-3 0  9991
2 45102  52.9999 264.0301 0008416 335.9059 189.0049 15.62779099  1777
STARLINK-1196           
1 45103U 20006BM  20096.91667824  .00048813  00000-0  53654-3 0  9991
2 45103  53.0024 262.3727 0001258  57.8417 195.3460 15.62713212  1779
FALCON 9 DEB            
1 45104U 20006BN  20089.01791141  .05753610  12378-4  39950-3 0  9996
2 45104  52.9841 286.9762 0009193 274.1714  85.8281 16.40233264  9555
FALCON 9 DEB            
1 45105U 20006BP  20090.79886245  .04701688  12344-4  37805-3 0  9991
2 45105  52.9869 277.3956 0009257 276.2518  83.7473 16.39032106  9843
FALCON 9 DEB            
1 45106U 20006BQ  20085.05976949  .12877693  12636-4  12659-3 0  9999
2 45106  52.9830 307.1798 0006014 254.1216 105.9171 16.50709902  8924
FALCON 9 DEB            
1 45107U 20006BR  20077.45722022  .00959952  11856-4  42192-3 0  9990
2 45107  52.9903 347.4991 0008678 187.7168 172.3738 16.21659550  7694
STARLINK-1138           
1 45178U 20012A   20096.83334491  .00021436  00000-0  14850-2 0  9998
2 45178  52.9975  40.5544 0001534  81.4937 277.3966 15.05601524  1797
STARLINK-1143           
1 45179U 20012B   20096.91667824 -.00017035  00000-0 -11526-2 0  9996
2 45179  52.9836  40.2611 0001445  68.5153   4.3167 15.05585982  1816
STARLINK-1192           
1 45180U 20012C   20096.91667824 -.00016666  00000-0 -11268-2 0  9990
2 45180  52.9993  40.1705 0001742  80.5571  46.2129 15.05595669  1808
STARLINK-1200           
1 45181U 20012D   20096.91667824  .00056780  00000-0  38824-2 0  9997
2 45181  53.0000  40.1705 0001482  74.8096  69.9173 15.05603620  8073
STARLINK-1201           
1 45182U 20012E   20096.91667824 -.00025829  00000-0 -35868-3 0  9996
2 45182  53.0028  30.6637 0006741 323.6657 341.3276 15.55987601  8219
STARLINK-1202           
1 45183U 20012F   20096.75001157  .00035344  00000-0  24328-2 0  9999
2 45183  52.9993  40.9132 0001666  79.6028  61.3806 15.05578855  1789
STARLINK-1205           
1 45184U 20012G   20096.91667824 -.00026359  00000-0 -28273-3 0  9999
2 45184  53.0012  29.8715 0000980  15.6076 325.2702 15.62774347  1827
STARLINK-1216           
1 45185U 20012H   20096.83334491  .00019089  00000-0  13258-2 0  9998
2 45185  53.0004  40.5341 0001400  66.2252 202.5764 15.05578248  8067
STARLINK-1224           
1 45186U 20012J   20096.91667824 -.00027294  00000-0 -18603-2 0  9995
2 45186  52.9986  40.1701 0001537  71.4644 199.3637 15.05598904  1803
STARLINK-1225           
1 45187U 20012K   20096.83334491  .00015535  00000-0  10831-2 0  9996
2 45187  52.9988  40.5443 0001810  77.3313  83.4920 15.05576669  7825
STARLINK-1228           
1 45188U 20012L   20096.91667824  .05413522  00000-0  29505-1 0  9995
2 45188  52.9988  25.2272 0007168 249.7768 203.0667 15.75348341  7949
STARLINK-1230           
1 45189U 20012M   20096.83334491  .00015720  00000-0  10956-2 0  9992
2 45189  52.9984  40.5451 0001755  76.0077  66.8345 15.05582431  1793
STARLINK-1234           
1 45190U 20012N   20096.83334491  .00011194  00000-0  10695-3 0  9996
2 45190  53.0022  26.5033 0000821  84.5501 187.8088 15.67318217  7936
STARLINK-1236           
1 45191U 20012P   20096.83334491  .00017146  00000-0  11931-2 0  9993
2 45191  52.9985  40.5439 0001773  76.9090  29.9379 15.05578803  8069
STARLINK-1237           
1 45192U 20012Q   20096.91667824 -.00015122  00000-0 -10204-2 0  9998
2 45192  53.0015  40.1661 0001656  74.4668 268.3199 15.05597456  7796
STARLINK-1239           
1 45193U 20012R   20096.83334491  .00020369  00000-0  14130-2 0  9990
2 45193  52.9998  40.5302 0001753  74.6233 230.2706 15.05581890  1790
STARLINK-1240           
1 45194U 20012S   20096.83334491  .00087512  00000-0  59513-2 0  9998
2 45194  53.0011  40.5333 0001376  69.0831 217.7461 15.05579627  1799
STARLINK-1241           
1 45195U 20012T   20096.75001157  .00034733  00000-0  23929-2 0  9999
2 45195  53.0019  40.8847 0001212  63.5201 167.4201 15.05553815  7767
STARLINK-1244           
1 45196U 20012U   20096.91667824  .00057885  00000-0  39572-2 0  9991
2 45196  52.9958  40.1798 0001613  78.4645  30.2729 15.05601184  7820
STARLINK-1269           
1 45197U 20012V   20096.91667824 -.00012383  00000-0 -83131-3 0  9999
2 45197  52.9978  40.1701 0001628  72.6143  90.1060 15.05616729  7815
STARLINK-1154           
1 45198U 20012W   20096.91667824 -.00021729  00000-0 -23206-3 0  9991
2 45198  53.0008  29.8091 0001189  66.7187 308.7713 15.62757812  1833
STARLINK-1197           
1 45199U 20012X   20096.91667824 -.00027946  00000-0 -30016-3 0  9996
2 45199  52.9982  29.8169 0001446  73.3018 298.7607 15.62773064  1839
STARLINK-1198           
1 45200U 20012Y   20096.91667824 -.00028287  00000-0 -30394-3 0  9997
2 45200  52.9985  29.8229 0001613  65.5476 303.1349 15.62769921  7937
STARLINK-1199           
1 45201U 20012Z   20096.83334491  .00012649  00000-0  14363-3 0  9991
2 45201  52.9981  30.2482 0008237 329.2902 281.1286 15.62750461  1819
STARLINK-1203           
1 45202U 20012AA  20096.91667824  .01308145  00000-0  90490-1 0  9993
2 45202  53.0018  38.7881 0001005 109.7417 199.4469 15.02166035  7831
STARLINK-1204           
1 45203U 20012AB  20096.91667824 -.00025011  00000-0 -26798-3 0  9995
2 45203  52.9981  29.8820 0001330  64.4955 274.6755 15.62768380  1776
STARLINK-1206           
1 45204U 20012AC  20096.91667824 -.00022527  00000-0 -24061-3 0  9996
2 45204  53.0008  29.7559 0001490  66.0042 334.8502 15.62778299  7932
STARLINK-1208           
1 45205U 20012AD  20096.91667824 -.00022593  00000-0 -24089-3 0  9990
2 45205  52.9982  29.7952 0008586 333.4442  48.7752 15.62765801  1776
STARLINK-1209           
1 45206U 20012AE  20096.91667824  .02158615  00000-0  15898-1 0  9992
2 45206  53.0034  25.4094 0003489  71.8675 301.5227 15.69150354  7989
STARLINK-1210           
1 45207U 20012AF  20096.91667824 -.00028056  00000-0 -30077-3 0  9996
2 45207  52.9980  29.8474 0008332 333.1402  22.9683 15.62768995  1828
STARLINK-1211           
1 45208U 20012AG  20096.91667824 -.00025560  00000-0 -27356-3 0  9990
2 45208  52.9996  29.8610 0007147 331.2820  18.0450 15.62768166  1765
STARLINK-1218           
1 45209U 20012AH  20096.91667824 -.00026754  00000-0 -28708-3 0  9999
2 45209  53.0005  29.7681 0001351  68.5045 327.2342 15.62771938  7937
STARLINK-1219           
1 45210U 20012AJ  20096.83334491  .00012682  00000-0  14399-3 0  9997
2 45210  52.9980  30.2603 0008309 326.1084 277.5431 15.62750604  7917
STARLINK-1231           
1 45212U 20012AL  20096.83334491  .00013107  00000-0  14875-3 0  9991
2 45212  52.9985  30.1883 0001321  68.0734 211.8205 15.62752450  1807
STARLINK-1232           
1 45213U 20012AM  20096.91667824 -.00020901  00000-0 -22294-3 0  9996
2 45213  52.9984  29.7873 0001425  62.7089 322.8950 15.62760495  1773
STARLINK-1233           
1 45214U 20012AN  20096.91667824 -.00023777  00000-0 -25380-3 0  9990
2 45214  52.9984  29.7428 0008396 332.3254  73.6330 15.62774034  1771
STARLINK-1245           
1 45215U 20012AP  20096.83334491  .00011954  00000-0  13613-3 0  9991
2 45215  52.9979  30.2749 0001611  65.9708 170.9002 15.62765031  7911
STARLINK-1254           
1 45216U 20012AQ  20096.91667824 -.00017395  00000-0 -18412-3 0  9999
2 45216  53.0007  29.7736 0008100 332.5265  59.8979 15.62753247  1778
STARLINK-1271           
1 45217U 20012AR  20096.91667824 -.00027613  00000-0 -29649-3 0  9998
2 45217  52.9983  29.8001 0002074 356.4233  22.3881 15.62771858  7939
STARLINK-1105           
1 45218U 20012AS  20096.91667824 -.00020123  00000-0 -21398-3 0  9991
2 45218  52.9983  29.7508 0008146 328.2376  74.3256 15.62755070  1779
STARLINK-1187           
1 45219U 20012AT  20096.75001157  .00037967  00000-0  41843-3 0  9994
2 45219  52.9991  29.1640 0008384 278.1053 227.4547 15.62721635  1795
STARLINK-1188           
1 45220U 20012AU  20096.91667824 -.00021925  00000-0 -23425-3 0  9998
2 45220  52.9983  29.8245 0001170  67.7057 299.2737 15.62752973  1773
STARLINK-1189           
1 45221U 20012AV  20096.91667824 -.00021586  00000-0 -23045-3 0  9990
2 45221  53.0008  29.8172 0001137  68.7088 301.6542 15.62761587  7938
STARLINK-1191           
1 45222U 20012AW  20096.91667824 -.00024004  00000-0 -25641-3 0  9993
2 45222  53.0000  29.8415 0007388 329.3391  28.4864 15.62774257  1762
STARLINK-1212           
1 45223U 20012AX  20096.83334491  .00013815  00000-0  15632-3 0  9991
2 45223  53.0006  30.1574 0005063 340.6079 314.5899 15.62768105  7923
STARLINK-1214           
1 45224U 20012AY  20096.91667824 -.00024572  00000-0 -26275-3 0  9999
2 45224  52.9980  29.8619 0007074 328.7143  18.9292 15.62766726  1777
STARLINK-1215           
1 45225U 20012AZ  20096.83334491  .00012995  00000-0  14755-3 0  9996
2 45225  53.0005  30.1843 0001280  64.0382 217.5521 15.62747421  1863
STARLINK-1217           
1 45226U 20012BA  20096.83334491  .00013014  00000-0  14774-3 0  9991
2 45226  52.9982  30.1954 0001183  15.8265 258.9795 15.62751168  7899
STARLINK-1221           
1 45227U 20012BB  20096.91667824 -.00027709  00000-0 -29726-3 0  9991
2 45227  52.9982  29.8521 0005210 296.5877  57.8861 15.62776817  1798
STARLINK-1222           
1 45228U 20012BC  20096.91667824 -.00027890  00000-0 -29906-3 0  9993
2 45228  52.9978  29.8568 0006407 321.7294  29.3278 15.62781033  7932
STARLINK-1226           
1 45229U 20012BD  20096.66667824  .00045008  00000-0  49492-3 0  9997
2 45229  53.0003  30.9943 0002306 345.0856  81.7153 15.62737083  7896
STARLINK-1227           
1 45230U 20012BE  20096.91667824 -.00026435  00000-0 -28294-3 0  9999
2 45230  53.0006  29.7619 0008325 334.0504  63.4499 15.62773912  1808
STARLINK-1229           
1 45231U 20012BF  20096.91667824 -.00014934  00000-0 -15750-3 0  9994
2 45231  52.9983  29.7966 0001570  58.6029 321.9760 15.62760304  1884
STARLINK-1235           
1 45232U 20012BG  20096.91667824 -.00018313  00000-0 -19418-3 0  9995
2 45232  53.0003  26.8602 0006480 300.6188  65.6039 15.62770843  1819
STARLINK-1238           
1 45233U 20012BH  20096.91667824 -.00027299  00000-0 -29242-3 0  9995
2 45233  52.9979  29.8727 0008074 323.4791  20.7904 15.62775917  1815
STARLINK-1243           
1 45234U 20012BJ  20096.91667824 -.00015579  00000-0 -10516-2 0  9997
2 45234  52.9980  40.1707 0001216  66.4552 150.4150 15.05607052  7813
STARLINK-1246           
1 45235U 20012BK  20096.91667824 -.00014611  00000-0 -98561-3 0  9991
2 45235  53.0009  40.1693 0001468  70.5998 218.2057 15.05582187  1792
STARLINK-1247           
1 45236U 20012BL  20096.66667824  .00044860  00000-0  49364-3 0  9998
2 45236  52.9982  30.9825 0001118  64.3540   7.5164 15.62721683  1787
STARLINK-1270           
1 45237U 20012BM  20096.91667824 -.00024994  00000-0 -26778-3 0  9999
2 45237  53.0007  29.8039 0001430  68.2334 308.8532 15.62769292  7930
STARLINK-1279           
1 45360U 20019A   20093.66668981 -.00056390  00000-0 -24057-3 0  9990
2 45360  53.0015 179.8851 0029399 103.0770 181.0055 15.83633789  3054
STARLINK-1301           
1 45361U 20019B   20096.91667824  .03577951  00000-0  16584-1 0  9993
2 45361  52.9980 163.3669 0008080 141.8215  13.1228 15.79366446  3568
STARLINK-1306           
1 45362U 20019C   20096.91667824  .03599762  00000-0  32738-1 0  9997
2 45362  52.9996 164.7787 0001220 273.1783 295.8482 15.63763748  3559
STARLINK-1311           
1 45363U 20019D   20093.58334491 -.00123252  00000-0 -82634-3 0  9997
2 45363  53.0002 180.9227 0005829 107.9686 124.2314 15.74792084  3033
STARLINK-1313           
1 45364U 20019E   20096.91667824  .00001615  00000-0  11952-4 0  9999
2 45364  52.9995 163.3990 0010632 119.7151   6.5175 15.80535787  3579
STARLINK-1317           
1 45365U 20019F   20096.75001157  .00014144  00000-0  76609-4 0  9994
2 45365  52.9989 164.2899 0008456 118.3268 114.2275 15.80393888  3534
STARLINK-1262           
1 45366U 20019G   20093.66668981 -.00052684  00000-0 -48930-3 0  9994
2 45366  53.0029 181.2082 0001039 113.1260 260.2567 15.66720746  3032
STARLINK-1273           
1 45367U 20019H   20096.91667824  .03987650  00000-0  43728-1 0  9990
2 45367  53.0006 165.3082 0002256   1.6019 273.0737 15.59100092  3541
STARLINK-1276           
1 45368U 20019J   20095.16668981  .03822003  00000-0  34569-1 0  9995
2 45368  53.0015 173.8277 0001456 229.7280 334.1699 15.63678700  3273
STARLINK-1277           
1 45369U 20019K   20093.58334491  .00365097  00000-0  32023-2 0  9992
2 45369  53.0017 181.5807 0001231 105.1856 174.8077 15.67175842  3023
STARLINK-1281           
1 45370U 20019L   20093.58334491  .00558100  00000-0  51694-2 0  9998
2 45370  53.0024 181.7620 0001164  54.0089 127.1041 15.65203433  3021
STARLINK-1287           
1 45371U 20019M   20093.58334491 -.00074568  00000-0 -70138-3 0  9997
2 45371  52.9989 181.6576 0001135  79.7551 165.8627 15.66551311  3026
STARLINK-1288           
1 45372U 20019N   20096.83334491  .03671781  00000-0  39621-1 0  9990
2 45372  53.0027 165.7235 0001953 172.7177 346.8672 15.59222783  3530
STARLINK-1295           
1 45373U 20019P   20093.58334491  .00524215  00000-0  46167-2 0  9990
2 45373  53.0023 181.6382 0001176  91.8468 159.7472 15.66574464  3025
STARLINK-1300           
1 45374U 20019Q   20093.66668981 -.00053231  00000-0 -49687-3 0  9992
2 45374  53.0028 181.2151 0001037 112.6094 255.2705 15.66601078  3038
STARLINK-1302           
1 45375U 20019R   20096.91667824  .04103939  00000-0  44650-1 0  9995
2 45375  53.0009 165.3375 0002096   7.7140 274.2833 15.59202279  3542
STARLINK-1304           
1 45376U 20019S   20093.41667824  .00124464  00000-0  11789-2 0  9998
2 45376  52.9986 182.5302 0001506  61.3247 283.2624 15.66075019  2999
STARLINK-1305           
1 45377U 20019T   20093.66668981 -.00049989  00000-0 -46173-3 0  9997
2 45377  53.0029 181.1961 0001023 110.0419 269.3271 15.66833089  3031
STARLINK-1310           
1 45378U 20019U   20093.66668981 -.00071723  00000-0 -65424-3 0  9999
2 45378  53.0012 181.1405 0001041 220.0825 181.5079 15.67290619  3049
STARLINK-1319           
1 45379U 20019V   20093.66668981 -.00032451  00000-0 -29300-3 0  9998
2 45379  53.0005 181.1582 0001007 100.5035 295.7332 15.67186631  3043
STARLINK-1207           
1 45380U 20019W   20093.66668981 -.00007336  00000-0 -43673-4 0  9994
2 45380  53.0030 180.4305 0011833 105.5563 277.2869 15.75087031  3040
STARLINK-1258           
1 45381U 20019X   20096.91667824  .04601484  00000-0  35201-1 0  9992
2 45381  53.0014 164.3127 0003799 104.6973 310.9348 15.67833609  3557
STARLINK-1264           
1 45382U 20019Y   20096.66667824  .04796038  00000-0  35242-1 0  9990
2 45382  53.0027 165.5188 0003243 133.2057 327.0488 15.68665968  3339
STARLINK-1266           
1 45383U 20019Z   20093.66668981 -.00012132  00000-0 -75352-4 0  9996
2 45383  53.0021 180.4343 0011584 105.5652 274.9424 15.75013951  3048
STARLINK-1267           
1 45384U 20019AA  20096.75001157  .03825193  00000-0  28450-1 0  9990
2 45384  53.0017 165.1130 0001446 243.9529 324.4459 15.68597572  3535
STARLINK-1268           
1 45385U 20019AB  20096.91667824  .04797277  00000-0  37415-1 0  9991
2 45385  53.0003 164.3765 0003735  78.6273 305.3846 15.67190573  3568
STARLINK-1272           
1 45386U 20019AC  20096.83334491  .04438366  00000-0  33542-1 0  9992
2 45386  53.0022 164.7069 0002727 327.8319 348.6747 15.68263641  3547
STARLINK-1274           
1 45387U 20019AD  20096.91667824  .04657837  00000-0  35768-1 0  9999
2 45387  53.0009 164.3256 0003710  98.3643 311.4151 15.67692180  3562
STARLINK-1280           
1 45388U 20019AE  20096.91667824  .04653214  00000-0  36104-1 0  9990
2 45388  53.0008 164.3597 0003779  88.8944 307.3008 15.67439168  3563
STARLINK-1283           
1 45389U 20019AF  20096.91667824  .03322114  12792-1  99858-2 0  9990
2 45389  52.9963 162.0400 0004664 141.7272 289.2400 15.94785634  3585
STARLINK-1284           
1 45390U 20019AG  20096.91667824  .04624418  00000-0  35306-1 0  9990
2 45390  53.0012 164.3057 0003799 107.2929 311.4643 15.67864145  3561
STARLINK-1289           
1 45391U 20019AH  20096.91667824  .04649020  00000-0  35800-1 0  9996
2 45391  52.9998 164.3303 0003789  94.8338 312.2857 15.67630544  3280
STARLINK-1290           
1 45392U 20019AJ  20096.91667824  .04758374  00000-0  36986-1 0  9996
2 45392  53.0005 164.3675 0003735  83.9363 306.2026 15.67307346  3284
STARLINK-1291           
1 45393U 20019AK  20096.91667824  .04811059  00000-0  36009-1 0  9993
2 45393  53.0002 164.2768 0001281 203.5604 232.1438 15.68184378  3313
STARLINK-1292           
1 45394U 20019AL  20096.91667824  .04623692  00000-0  35406-1 0  9998
2 45394  53.0011 164.3236 0003750 103.3154 309.8530 15.67790434  3292
STARLINK-1297           
1 45395U 20019AM  20093.58334491 -.00111091  00000-0 -75005-3 0  9994
2 45395  52.9974 180.9053 0010807 102.7399 138.2846 15.74517299  2786
STARLINK-1303           
1 45396U 20019AN  20096.91667824  .04641260  00000-0  35779-1 0  9994
2 45396  52.9997 164.3375 0003690  93.2427 311.1802 15.67609502  3273
STARLINK-1307           
1 45397U 20019AP  20096.91667824  .04746693  00000-0  36854-1 0  9996
2 45397  52.9999 164.3580 0003661  88.0146 304.8719 15.67344446  3383
STARLINK-1312           
1 45398U 20019AQ  20096.83334491  .04382244  00000-0  34056-1 0  9999
2 45398  53.0007 164.7527 0002740  13.4153 278.2359 15.67618210  3295
STARLINK-1255           
1 45399U 20019AR  20096.91667824  .04497975  00000-0  35901-1 0  9996
2 45399  53.0001 164.5795 0002140  18.7169 273.9426 15.66852436  3357
STARLINK-1213           
1 45400U 20019AS  20096.91667824  .04474573  00000-0  34042-1 0  9993
2 45400  53.0011 164.2870 0003736 113.8209 314.6123 15.68074355  3294
STARLINK-1256           
1 45401U 20019AT  20096.66667824  .04863451  00000-0  35713-1 0  9999
2 45401  53.0025 165.5195 0003276 130.5891 328.4771 15.68628012  3327
STARLINK-1257           
1 45402U 20019AU  20096.75001157  .03732221  00000-0  27790-1 0  9996
2 45402  53.0026 165.0978 0001409 244.9236 327.5356 15.68659382  3336
STARLINK-1259           
1 45403U 20019AV  20096.83334491  .04655896  00000-0  35095-1 0  9996
2 45403  53.0023 164.7099 0002564  34.9606 276.8654 15.68147433  3342
STARLINK-1260           
1 45404U 20019AW  20096.91667824  .04595364  00000-0  35271-1 0  9994
2 45404  52.9998 164.3225 0003712  97.4980 314.0285 15.67755859  3277
STARLINK-1263           
1 45405U 20019AX  20093.41667824  .00498598  00000-0  30123-2 0  9996
2 45405  53.0000 181.6795 0014289 101.6139 303.0249 15.75562399  2724
STARLINK-1265           
1 45406U 20019AY  20096.91667824  .04530743  00000-0  34675-1 0  9993
2 45406  52.9998 164.3143 0003646 102.4869 315.0706 15.67880267  3278
STARLINK-1275           
1 45407U 20019AZ  20096.91667824  .04630179  00000-0  35664-1 0  9997
2 45407  52.9998 164.3345 0003780  94.4152 311.4675 15.67639724  3272
STARLINK-1278           
1 45408U 20019BA  20096.91667824  .04772647  00000-0  36942-1 0  9995
2 45408  53.0005 164.3574 0003745  87.2393 307.0316 15.67399887  3283
STARLINK-1282           
1 45409U 20019BB  20093.41667824  .00338222  00000-0  21286-2 0  9997
2 45409  52.9982 181.7184 0013170 101.9691 283.0955 15.75083954  2728
STARLINK-1285           
1 45410U 20019BC  20093.66668981 -.00018655  00000-0 -11834-3 0  9997
2 45410  53.0019 180.4072 0011992 105.9216 273.3377 15.74993788  2759
STARLINK-1293           
1 45411U 20019BD  20096.91667824  .04820910  00000-0  37404-1 0  9990
2 45411  52.9988 164.3745 0003793  78.6832 310.1243 15.67301202  3299
STARLINK-1296           
1 45412U 20019BE  20096.91667824  .04548530  00000-0  34865-1 0  9994
2 45412  53.0012 164.3194 0003782 102.4641 311.8202 15.67827971  3277
STARLINK-1298           
1 45413U 20019BF  20093.66668981 -.00049039  00000-0 -32708-3 0  9993
2 45413  53.0018 180.4827 0011394 106.2899 250.5312 15.74451611  2846
STARLINK-1309           
1 45414U 20019BG  20096.91667824  .04638999  00000-0  35812-1 0  9998
2 45414  52.9996 164.3378 0003710  92.8961 309.9513 15.67576444  3280
STARLINK-1316           
1 45415U 20019BH  20096.91667824  .04451138  00000-0  32744-1 0  9998
2 45415  53.0013 164.2739 0003673 118.6719 318.8592 15.68282284  3293
STARLINK-1318           
1 45416U 20019BJ  20096.91667824  .04546198  00000-0  35022-1 0  9992
2 45416  52.9997 164.3295 0003648  92.9908 315.9112 15.67704965  3286
STARLINK-1286           
1 45417U 20019BK  20096.91667824  .02284373  00000-0  22236-1 0  9998
2 45417  53.0001 165.0068 0001647  70.6905 350.7962 15.62468601  3557
STARLINK-1299           
1 45418U 20019BL  20096.66667824  .05114209  00000-0  38689-1 0  9993
2 45418  53.0013 165.6192 0003565  96.4334 314.3672 15.67687739  3260
STARLINK-1308           
1 45419U 20019BM  20096.58334491  .04532771  00000-0  43728-1 0  9993
2 45419  52.9989 166.7742 0003136  32.7284 287.0660 15.61990514  3237
FALCON 9 DEB            
1 45420U 20019BN  20093.50191272  .00639213  11526-4  47613-3 0  9995
2 45420  53.0017 180.0821 0085871 102.5985 258.4667 16.06802216  3038
FALCON 9 DEB            
1 45421U 20019BP  20093.49657449  .00620307  11536-4  46077-3 0  9995
2 45421  52.9996 180.0417 0083165 103.6289 257.4021 16.07269383  3033
FALCON 9 DEB            
1 45422U 20019BQ  20093.61077492  .00580123  11569-4  40866-3 0  9991
2 45422  53.0007 179.3182 0079163 100.5905 260.4057 16.08569708  3053
FALCON 9 DEB            
1 45423U 20019BR  20093.48585232  .00620396  11573-4  43397-3 0  9997
2 45423  53.0011 179.9617 0078560 100.5996 260.3898 16.08746091  3030
