STARLINK-31             
1 44235U 19029A   20053.58334491 -.00018766  00000-0 -10619-2 0  9995
2 44235  53.0035  16.2522 0002203  63.2797  56.7479 15.12138627  1763
STARLINK-22             
1 44236U 19029B   20053.58334491  .01847945  00000-0  30831-1 0  9991
2 44236  53.0049  11.2009 0005578 271.1599 336.8422 15.48426356 42743
STARLINK-23             
1 44237U 19029C   20053.58334491 -.00012337  00000-0 -69173-3 0  9995
2 44237  53.0004  16.0483 0002010  62.7702  21.3006 15.12133878 41571
STARLINK-24             
1 44238U 19029D   20053.40985651  .00002823  00000-0  17743-3 0  9990
2 44238  52.9982  16.0972 0001292  71.4196 288.6935 15.12454936 39929
STARLINK-25             
1 44239U 19029E   20053.58334491 -.00033367  00000-0 -19046-2 0  9996
2 44239  53.0066  16.4961 0002088  61.3805 112.7267 15.12153852  1765
STARLINK-26             
1 44240U 19029F   20053.58334491  .00025202  00000-0  56351-3 0  9996
2 44240  53.0105 356.5350 0001791  59.0946 207.9934 15.43362964  1770
STARLINK-27             
1 44241U 19029G   20053.58334491 -.00021844  00000-0 -12388-2 0  9998
2 44241  53.0057  16.3758 0001891  62.5325  75.5544 15.12157836  1762
STARLINK-28             
1 44242U 19029H   20053.58334491 -.00009175  00000-0 -13119-3 0  9996
2 44242  52.9967   5.2696 0002186  40.7373 301.0686 15.54230718 41707
STARLINK-29             
1 44243U 19029J   20053.58334491  .00483268  00000-0  83506-2 0  9990
2 44243  53.0038 313.3388 0008024 273.9672  48.8263 15.48673498 42425
STARLINK-30             
1 44244U 19029K   20053.58334491 -.00023080  00000-0 -13110-2 0  9999
2 44244  53.0029  15.9271 0002174  51.3753 332.6740 15.12132509  1771
STARLINK-21             
1 44245U 19029L   20053.58334491 -.00016391  00000-0 -92498-3 0  9994
2 44245  52.9992  16.1283 0002130  55.3797  52.7000 15.12141108 41542
STARLINK-46             
1 44246U 19029M   20051.53743625  .17658540  12175-4  76906-3 0  9991
2 44246  52.9662 262.5732 0026963 244.6149 115.2104 16.40063924 42707
STARLINK-33             
1 44247U 19029N   20053.58334491 -.00014925  00000-0 -22003-3 0  9992
2 44247  53.0076   6.7651 0001470  58.4119 298.0101 15.53994433  1771
STARLINK-34             
1 44248U 19029P   20053.58334491 -.00011523  00000-0 -28632-3 0  9998
2 44248  53.0012  11.9794 0001293  59.5150  23.7524 15.38783491  1773
STARLINK-61             
1 44249U 19029Q   20053.58334491 -.00025512  00000-0 -12331-2 0  9990
2 44249  53.0014   7.6668 0007798  19.9276 357.3305 15.17835059  1771
STARLINK-36             
1 44250U 19029R   20053.58334491 -.00022495  00000-0 -12773-2 0  9999
2 44250  53.0020  16.0272 0001819  51.2242   2.8468 15.12130868 41525
STARLINK-37             
1 44251U 19029S   20053.58334491 -.00015006  00000-0 -84540-3 0  9992
2 44251  52.9842  15.2622 0001576  64.2105 355.8806 15.12133983 41492
STARLINK-71             
1 44252U 19029T   20053.58334491 -.00019430  00000-0 -11006-2 0  9994
2 44252  53.0006  15.1721 0002087  52.0628 116.0024 15.12125658 41500
STARLINK-39             
1 44253U 19029U   20053.58334491 -.00021053  00000-0 -11933-2 0  9998
2 44253  53.0056  16.3399 0001957  58.9240  67.1816 15.12154202  1766
STARLINK-32             
1 44254U 19029V   20053.58334491 -.00032186  00000-0 -18374-2 0  9994
2 44254  53.0004  16.0413 0001964  57.0058  21.0601 15.12131694  1760
STARLINK-66             
1 44255U 19029W   20053.58334491  .00045134  00000-0  69122-3 0  9998
2 44255  53.0055   6.5211 0001634  63.4788 285.8330 15.53919028 41642
STARLINK-42             
1 44256U 19029X   20053.58334491  .01005180  00000-0  13051-1 0  9995
2 44256  52.9939   8.1549 0001396  87.3826 212.0029 15.55786271 41581
STARLINK-43             
1 44257U 19029Y   20053.58334491  .00176610  00000-0  58442-2 0  9996
2 44257  53.0035 338.3098 0001434  90.4787 176.7358 15.30144359 42098
STARLINK-40             
1 44258U 19029Z   20053.58334491 -.00026430  00000-0 -15041-2 0  9991
2 44258  53.0013  16.0399 0001879  54.4798  17.6081 15.12142379  1769
STARLINK-52             
1 44259U 19029AA  20053.58334491  .00623703  00000-0  10848-1 0  9995
2 44259  53.0027 314.8639 0001299 109.9660 169.6430 15.47960237 42299
STARLINK-45             
1 44260U 19029AB  20053.58334491 -.00022450  00000-0 -12743-2 0  9998
2 44260  53.0110  14.8469 0002310  56.9538  45.1051 15.12141005 41621
STARLINK-44             
1 44261U 19029AC  20053.58334491 -.00025892  00000-0 -14741-2 0  9992
2 44261  53.0014  16.0191 0001575  53.2921  12.7886 15.12117639  1762
STARLINK-49             
1 44262U 19029AD  20053.58334491 -.00022900  00000-0 -13001-2 0  9998
2 44262  53.0053  16.3857 0001853  55.5144  88.5937 15.12147916  1768
STARLINK-72             
1 44263U 19029AE  20053.58334491 -.00017611  00000-0 -99514-3 0  9996
2 44263  53.0037  15.8681 0002229  61.1513 316.9450 15.12145835 41558
STARLINK-35             
1 44264U 19029AF  20053.58334491 -.00017141  00000-0 -96817-3 0  9998
2 44264  53.0027  15.9644 0002148  66.5994 329.4904 15.12142119 41544
STARLINK-63             
1 44265U 19029AG  20053.58334491 -.00020505  00000-0 -11620-2 0  9995
2 44265  53.0022  15.3414 0002335  56.1695 345.9270 15.12145145  1772
STARLINK-54             
1 44266U 19029AH  20053.58334491 -.00003768  00000-0 -19905-3 0  9993
2 44266  52.9950  15.3614 0001763  71.1609 114.9242 15.12147665 41506
STARLINK-69             
1 44267U 19029AJ  20053.58334491 -.00022430  00000-0 -12732-2 0  9991
2 44267  53.0010  15.1902 0001895  57.0103  57.0665 15.12141874 41559
STARLINK-55             
1 44268U 19029AK  20053.58334491 -.00004372  00000-0 -58760-4 0  9990
2 44268  52.9964   6.1664 0001271  57.9249 289.5942 15.54214603 41646
STARLINK-57             
1 44269U 19029AL  20053.58334491 -.00019484  00000-0 -11036-2 0  9994
2 44269  52.9994  15.7353 0001906  58.1939  91.8683 15.12129512 41593
STARLINK-58             
1 44270U 19029AM  20053.58334491 -.00022372  00000-0 -56644-3 0  9991
2 44270  53.0034  12.3730 0000877 348.7323 106.5416 15.38776941  1771
STARLINK-59             
1 44271U 19029AN  20053.58334491 -.00017198  00000-0 -97130-3 0  9997
2 44271  53.0009  15.2790 0002034  62.1152 304.0066 15.12149070  1771
STARLINK-51             
1 44272U 19029AP  20053.58334491 -.00033576  00000-0 -19177-2 0  9990
2 44272  53.0011  15.9024 0002088  55.3805 334.7076 15.12134283  1771
STARLINK-60             
1 44273U 19029AQ  20053.53902120  .00027205  00000-0  44932-3 0  9994
2 44273  52.9989 303.6002 0006578  74.4500 285.7234 15.52054760 42567
STARLINK-62             
1 44274U 19029AR  20053.58334491  .00007650  00000-0  20645-3 0  9997
2 44274  53.0057  11.9600 0001441  64.7890  24.5380 15.38792364 41593
STARLINK-64             
1 44275U 19029AS  20053.58334491 -.00008977  00000-0 -23430-3 0  9998
2 44275  52.9933  10.5962 0005470 321.0462 354.6453 15.36950794 41602
STARLINK-65             
1 44276U 19029AT  20053.58334491 -.00024726  00000-0 -14064-2 0  9991
2 44276  53.0041  15.8377 0001914  46.4028 295.6141 15.12123689 41560
STARLINK-41             
1 44277U 19029AU  20053.58334491  .01915310  00000-0  31845-1 0  9994
2 44277  53.0073  10.2511 0006115 271.6540 331.5074 15.48413641 41636
STARLINK-67             
1 44278U 19029AV  20053.58334491  .00345826  56271-4  10259-2 0  9995
2 44278  52.9921 241.8816 0019196 144.8160 107.8281 15.91691452 43394
STARLINK-68             
1 44279U 19029AW  20053.58334491 -.00020742  00000-0 -11755-2 0  9992
2 44279  53.0027  14.8222 0002351  63.0545 345.0621 15.12148658  1775
STARLINK-38             
1 44280U 19029AX  20053.58334491 -.00035087  00000-0 -20055-2 0  9995
2 44280  53.0038  15.8013 0001858  57.0085 291.0563 15.12129690  1760
STARLINK-70             
1 44281U 19029AY  20053.58334491 -.00026190  00000-0 -14911-2 0  9995
2 44281  53.0023  15.3714 0001821  51.3055  44.7548 15.12121539  1762
STARLINK-80             
1 44282U 19029AZ  20053.34502781  .00005592  00000-0  23884-3 0  9990
2 44282  53.0290 349.9655 0002355 229.8519 130.2271 15.24371060 40316
STARLINK-56             
1 44283U 19029BA  20053.58334491 -.00033061  00000-0 -18872-2 0  9992
2 44283  53.0039  15.8852 0002032  57.1912 302.9331 15.12147624  1773
STARLINK-73             
1 44284U 19029BB  20053.58334491 -.00016516  00000-0 -93192-3 0  9998
2 44284  53.0037  15.8602 0001958  65.7964 288.3018 15.12151822  1766
STARLINK-50             
1 44285U 19029BC  20053.58334491 -.00025119  00000-0 -14283-2 0  9991
2 44285  53.0020  15.8661 0001943  61.6029 310.4866 15.12144922  1777
STARLINK-75             
1 44286U 19029BD  20053.58334491  .01815442  00000-0  31370-1 0  9992
2 44286  53.0073   8.2341 0006814 271.2964 352.6170 15.47465745 42729
STARLINK-76             
1 44287U 19029BE  20053.58334491 -.00020327  00000-0 -11516-2 0  9995
2 44287  53.0001  16.0710 0001970  51.6792  38.4382 15.12149825 42628
STARLINK-79             
1 44288U 19029BF  20053.58334491  .00008101  00000-0  48117-3 0  9998
2 44288  53.0060  16.4563 0001910  56.3254 105.7552 15.12139602  1762
STARLINK-48             
1 44289U 19029BG  20053.58334491  .00053425  00000-0  24771-2 0  9997
2 44289  53.0038 355.0928 0001254  97.4509 276.5426 15.19569005  1774
STARLINK-78             
1 44290U 19029BH  20053.58334491 -.00022265  00000-0 -12638-2 0  9998
2 44290  53.0057  16.3510 0002057  61.3292  94.6858 15.12136949  1769
STARLINK-77             
1 44291U 19029BJ  20053.58334491 -.00022248  00000-0 -12627-2 0  9998
2 44291  53.0064  16.5251 0002164  62.0880 117.9153 15.12141189  1761
STARLINK-81             
1 44292U 19029BK  20053.58334491 -.00007803  00000-0 -43083-3 0  9990
2 44292  53.0063  16.5520 0002072  58.7375 133.3266 15.12144664  1767
STARLINK-74             
1 44293U 19029BL  20053.58334491 -.00021349  00000-0 -12111-2 0  9999
2 44293  53.0059  16.4058 0002110  62.1663  69.8777 15.12132697 42612
STARLINK-53             
1 44294U 19029BM  20053.58334491 -.00032584  00000-0 -18608-2 0  9990
2 44294  53.0005  15.2470 0002094  46.8436 289.1709 15.12124196 42625
STARLINK-1007           
1 44713U 19074A   20053.52746961 -.00507522  00000-0 -62896-2 0  9996
2 44713  53.0087  19.0732 0007831 269.6210  90.3905 15.61007780 16043
STARLINK-1008           
1 44714U 19074B   20053.58334491  .00663228  00000-0  84562-2 0  9992
2 44714  53.0096  19.0140 0004370 271.7207 313.2779 15.56506923 16225
STARLINK-1009           
1 44715U 19074C   20053.58334491  .00921595  00000-0  12938-1 0  9994
2 44715  53.0075  19.1018 0001002  76.0196  70.6587 15.53855760 16213
STARLINK-1010           
1 44716U 19074D   20053.58334491  .00439196  00000-0  53487-2 0  9991
2 44716  53.0079  18.9423 0001333  83.6731 185.6301 15.58509459 16229
STARLINK-1011           
1 44717U 19074E   20053.58334491 -.00036460  00000-0 -24956-2 0  9990
2 44717  52.9992  34.7026 0001923  61.0403 271.0825 15.05585135  1769
STARLINK-1012           
1 44718U 19074F   20053.58334491  .00888288  00000-0  12246-1 0  9990
2 44718  53.0075  19.0414 0001044  71.2599  97.7470 15.54443092 16229
STARLINK-1013           
1 44719U 19074G   20053.58334491  .00179788  00000-0  26669-2 0  9994
2 44719  53.0094  19.0729 0001055  88.4962  63.7547 15.54111613 16214
STARLINK-1014           
1 44720U 19074H   20053.58334491  .00764400  00000-0  14306-1 0  9991
2 44720  53.0036  21.9703 0006232 259.5416 311.3496 15.45732546 16188
STARLINK-1015           
1 44721U 19074J   20053.58334491  .00802185  00000-0  11291-1 0  9995
2 44721  53.0079  19.1238 0001010  85.4382  55.5120 15.53726168 16212
STARLINK-1016           
1 44722U 19074K   20053.58334491  .00339817  00000-0  44441-2 0  9997
2 44722  53.0079  19.0393 0001294  71.4709 151.8234 15.56949133 16225
STARLINK-1017           
1 44723U 19074L   20053.58334491  .00765682  00000-0  99438-2 0  9997
2 44723  53.0063  19.0688 0001229  72.1777 137.5855 15.56044778 16228
STARLINK-1019           
1 44724U 19074M   20053.58334491  .00183080  00000-0  26575-2 0  9996
2 44724  53.0094  19.0362 0001059  92.5398  82.0460 15.54693141 16226
STARLINK-1020           
1 44725U 19074N   20053.58334491 -.00030729  00000-0 -20973-2 0  9996
2 44725  52.9964  34.7093 0001993  49.0760  67.0655 15.05607625 15993
STARLINK-1021           
1 44726U 19074P   20053.58334491  .00184762  00000-0  26672-2 0  9994
2 44726  53.0093  19.0265 0001073  94.5259  85.5502 15.54837038 16223
STARLINK-1022           
1 44727U 19074Q   20053.58334491 -.00007174  00000-0 -47352-3 0  9997
2 44727  53.0494  54.4237 0001802  56.1279 222.2314 15.05593260 15735
STARLINK-1023           
1 44728U 19074R   20053.58334491  .00635991  00000-0  65174-2 0  9991
2 44728  53.0067  18.7436 0001242  88.9900 272.7941 15.62372668 16229
STARLINK-1024           
1 44729U 19074S   20053.58334491 -.00038264  00000-0 -26187-2 0  9995
2 44729  52.9995  34.6968 0002136  58.4812 327.6536 15.05612657  1767
STARLINK-1025           
1 44730U 19074T   20053.58334491  .00701799  00000-0  89976-2 0  9990
2 44730  53.0083  19.0425 0000638 310.2069 264.6539 15.56212692 16223
STARLINK-1026           
1 44731U 19074U   20053.58334491  .00954652  00000-0  13222-1 0  9999
2 44731  53.0076  19.0658 0001012  72.9904  84.9425 15.54143585 16219
STARLINK-1027           
1 44732U 19074V   20053.58334491 -.00033847  00000-0 -27506-2 0  9997
2 44732  52.9988  32.1603 0001773  65.1816 345.5140 14.99083241  1760
STARLINK-1028           
1 44733U 19074W   20053.58334491  .00514054  00000-0  70790-2 0  9993
2 44733  53.0080  19.0461 0001135  68.6283 116.9062 15.54929810 16223
STARLINK-1029           
1 44734U 19074X   20053.58334491 -.00025863  00000-0 -30514-3 0  9992
2 44734  52.9989  22.6182 0004333 311.1869 255.4339 15.60302681  1777
STARLINK-1030           
1 44735U 19074Y   20053.58334491 -.00025761  00000-0 -17545-2 0  9998
2 44735  52.9984  34.7128 0001932  55.9348  78.1367 15.05595555  1756
STARLINK-1031           
1 44736U 19074Z   20053.58334491  .01103785  00000-0  58471-1 0  9993
2 44736  53.0078  32.9186 0001545  81.3580 166.3079 15.12090072 16037
STARLINK-1032           
1 44737U 19074AA  20053.58334491 -.00039256  00000-0 -26880-2 0  9996
2 44737  52.9997  34.6933 0001655  64.5047 285.5956 15.05607086  1750
STARLINK-1033           
1 44738U 19074AB  20053.58334491 -.00031390  00000-0 -21440-2 0  9995
2 44738  52.9831  34.7769 0001992  53.7081   8.3900 15.05591076  1760
STARLINK-1052           
1 44739U 19074AC  20053.58334491 -.00035421  00000-0 -24225-2 0  9999
2 44739  52.9956  34.7169 0002011  48.9539  49.1118 15.05601006 15999
STARLINK-1035           
1 44740U 19074AD  20053.58334491 -.00036972  00000-0 -30055-2 0  9991
2 44740  52.9995  33.1515 0002049  68.5431  19.8575 14.99112842  1759
STARLINK-1036           
1 44741U 19074AE  20053.58334491 -.00033460  00000-0 -22852-2 0  9997
2 44741  52.9994  34.7028 0001742  59.9592 254.1384 15.05625636 16000
STARLINK-1037           
1 44742U 19074AF  20053.46899038 -.00003055  00000-0 -19036-3 0  9996
2 44742  53.0007  35.2145 0001857  68.8261 291.2925 15.05622821 15985
STARLINK-1038           
1 44743U 19074AG  20053.51212610  .00000479  00000-0  52063-4 0  9991
2 44743  53.0004  55.0246 0001569  67.1332 292.9822 15.05574340 15634
STARLINK-1039           
1 44744U 19074AH  20053.58334491 -.00025203  00000-0 -17157-2 0  9998
2 44744  52.9960  54.7056 0001676  61.0949 289.3837 15.05600442  1752
STARLINK-1040           
1 44745U 19074AJ  20053.37789578  .00061969  00000-0  33812-3 0  9990
2 44745  53.0013  17.3016 0004652 122.4990 237.6480 15.79320392 16222
STARLINK-1041           
1 44746U 19074AK  20053.58334491 -.00023139  00000-0 -15729-2 0  9999
2 44746  52.9974  54.7025 0001911  52.6989 351.7732 15.05606732  1663
STARLINK-1042           
1 44747U 19074AL  20053.58334491 -.00009337  00000-0 -62244-3 0  9999
2 44747  53.0446  54.4426 0001712  62.3511 197.9810 15.05581698  1761
STARLINK-1043           
1 44748U 19074AM  20053.58334491 -.00013622  00000-0 -91764-3 0  9991
2 44748  53.0116  54.6250 0001415  49.7970  66.6196 15.05575404 15730
STARLINK-1044           
1 44749U 19074AN  20053.58334491 -.00032570  00000-0 -22240-2 0  9997
2 44749  52.9996  34.7050 0001912  56.7324 239.3980 15.05619413  1762
STARLINK-1045           
1 44750U 19074AP  20053.58846729 -.00006056  00000-0 -39698-3 0  9997
2 44750  52.9989  54.6873 0001605  52.9612 307.1522 15.05564323 15554
STARLINK-1046           
1 44751U 19074AQ  20053.58334491 -.00018472  00000-0 -12513-2 0  9997
2 44751  52.9980  54.7076 0001493  69.5194 298.9591 15.05597419 15720
STARLINK-1047           
1 44752U 19074AR  20053.58334491 -.00028384  00000-0 -20229-2 0  9994
2 44752  53.0008  34.3163 0001868  63.6277  56.6682 15.03959538  1769
STARLINK-1048           
1 44753U 19074AS  20053.58334491  .00663898  00000-0  87397-2 0  9997
2 44753  53.0081  19.0959 0001130  76.4276 117.7823 15.55629092 16226
STARLINK-1049           
1 44754U 19074AT  20053.58334491  .00514729  00000-0  69398-2 0  9997
2 44754  53.0085  19.1083 0001126  73.2084 115.7717 15.55505751 16222
STARLINK-1050           
1 44755U 19074AU  20053.58334491 -.00013288  00000-0 -89433-3 0  9997
2 44755  53.0568  54.3780 0001322  51.5234 262.8019 15.05589006 15732
STARLINK-1051           
1 44756U 19074AV  20053.58334491  .01008349  00000-0  13326-1 0  9995
2 44756  53.0076  19.0838 0001057  77.2765 106.3227 15.55293588 16228
STARLINK-1034           
1 44757U 19074AW  20053.58334491 -.00035009  00000-0 -23934-2 0  9997
2 44757  52.9985  34.7011 0002018  54.3334 151.7882 15.05610004  1753
STARLINK-1053           
1 44758U 19074AX  20053.48223371 -.00005373  00000-0 -34964-3 0  9998
2 44758  53.0297  55.0001 0001321  69.5801 290.5329 15.05601796 15548
STARLINK-1054           
1 44759U 19074AY  20053.58334491 -.00020286  00000-0 -13760-2 0  9996
2 44759  53.0355  54.4957 0001754  54.4494 169.9766 15.05608959  1758
STARLINK-1055           
1 44760U 19074AZ  20053.58334491 -.00024609  00000-0 -16744-2 0  9996
2 44760  53.0495  54.4114 0001942  52.5100 243.8663 15.05606967 15730
STARLINK-1056           
1 44761U 19074BA  20053.58334491 -.00007370  00000-0 -48712-3 0  9994
2 44761  53.0405  54.4719 0001407  61.0272 181.3825 15.05586013 15739
STARLINK-1057           
1 44762U 19074BB  20053.58334491 -.00036548  00000-0 -24999-2 0  9994
2 44762  52.9986  34.6999 0001963  52.5619 171.6419 15.05611660  1754
STARLINK-1058           
1 44763U 19074BC  20053.58334491 -.00018235  00000-0 -12347-2 0  9992
2 44763  53.0177  54.5969 0000980  70.2866  64.1209 15.05606733  1754
STARLINK-1059           
1 44764U 19074BD  20053.58334491 -.00024587  00000-0 -16728-2 0  9997
2 44764  52.9981  34.7006 0001633  51.5619 190.4983 15.05608287  1750
STARLINK-1060           
1 44765U 19074BE  20053.58334491 -.00026113  00000-0 -17783-2 0  9997
2 44765  52.9977  34.7025 0001937  54.7578  97.3945 15.05605394 16006
STARLINK-1061           
1 44766U 19074BF  20053.58334491 -.00018185  00000-0 -12320-2 0  9990
2 44766  53.0233  54.5633 0001629  58.1683 112.2599 15.05582525  1750
STARLINK-1062           
1 44767U 19074BG  20053.47894946 -.00011083  00000-0 -74296-3 0  9996
2 44767  53.0356  54.9846 0001394  54.9919 305.1200 15.05566564 15541
STARLINK-1063           
1 44768U 19074BH  20053.50216632 -.00005190  00000-0 -33741-3 0  9993
2 44768  53.0054  55.0432 0001183  46.6604 313.4482 15.05570767 15550
STARLINK-1064           
1 44769U 19074BJ  20053.50547740 -.00003615  00000-0 -22913-3 0  9990
2 44769  53.0033  55.0407 0001049  98.4276 261.6831 15.05575491 15631
STARLINK-1065           
1 44770U 19074BK  20053.43245080  .00001546  00000-0  12518-3 0  9995
2 44770  53.0053  55.3488 0001446  42.6565 317.4535 15.05603575 15535
STARLINK-1067           
1 44771U 19074BL  20053.48889849 -.00005130  00000-0 -33334-3 0  9992
2 44771  53.0212  55.0130 0001858  48.1955 311.9191 15.05561421 15546
STARLINK-1068           
1 44772U 19074BM  20053.58334491 -.00034304  00000-0 -23448-2 0  9991
2 44772  52.9982  34.7002 0001983  48.3844 139.7635 15.05606906  1754
STARLINK-1073           
1 44914U 20001A   20053.58334491  .00213492  00000-0  14235-1 0  9999
2 44914  53.0000 174.7064 0001537  66.4050 181.0944 15.05576162  7202
STARLINK-1084           
1 44915U 20001B   20053.58334491 -.00079103  00000-0 -55661-2 0  9990
2 44915  52.9924 174.4054 0001492  77.4392 169.6489 15.04937185  7215
STARLINK-1097           
1 44916U 20001C   20053.58334491 -.00018896  00000-0 -12806-2 0  9997
2 44916  52.9975 174.6989 0001502  67.8787 323.7299 15.05595096  7218
STARLINK-1098           
1 44917U 20001D   20053.58334491 -.00017254  00000-0 -11667-2 0  9999
2 44917  53.0011 174.6925 0001880  73.1302 354.4968 15.05616835  7213
STARLINK-1099           
1 44918U 20001E   20053.58334491  .00193706  00000-0  12960-1 0  9991
2 44918  52.9988 174.6936 0001824  71.6367 301.9461 15.05558806  7958
STARLINK-1101           
1 44919U 20001F   20053.58334491  .00061765  00000-0  42215-2 0  9998
2 44919  53.0003 174.7046 0001561  66.4487 235.1411 15.05577848  7203
STARLINK-1102           
1 44920U 20001G   20053.58334491  .00067734  00000-0  46250-2 0  9995
2 44920  53.0004 174.7037 0001661  65.6979 217.9332 15.05567166  7206
STARLINK-1103           
1 44921U 20001H   20053.58334491 -.00003236  00000-0 -20288-3 0  9999
2 44921  53.0004 174.7040 0001444  65.6826 253.9192 15.05604859  7206
STARLINK-1104           
1 44922U 20001J   20053.58334491  .00092358  00000-0  62736-2 0  9994
2 44922  52.9992 174.6931 0001272  59.8544 295.6433 15.05590420  7209
STARLINK-1106           
1 44923U 20001K   20053.58334491  .00019259  00000-0  13370-2 0  9994
2 44923  52.9983 174.7054 0001324  75.8886 135.7266 15.05588792  7209
STARLINK-1111           
1 44924U 20001L   20053.58334491  .00029512  00000-0  20357-2 0  9991
2 44924  53.0004 174.7073 0001611  68.3108 197.1724 15.05588857  7203
STARLINK-1112           
1 44925U 20001M   20053.58334491  .00043439  00000-0  29812-2 0  9991
2 44925  52.9979 174.7059 0002183  82.5666 111.0338 15.05590958  7200
STARLINK-1113           
1 44926U 20001N   20053.58334491  .00231044  00000-0  15510-1 0  9992
2 44926  52.9963 174.3427 0001550  81.6531 236.6020 15.05226193  7958
STARLINK-1114           
1 44927U 20001P   20053.58334491 -.00100711  00000-0 -70832-2 0  9990
2 44927  52.9969 174.3994 0001481  86.0094 196.7131 15.05096224  7218
STARLINK-1119           
1 44928U 20001Q   20053.58334491  .00360144  00000-0  23791-1 0  9998
2 44928  52.9950 174.3807 0001686  68.7616 231.6613 15.05119189  7216
STARLINK-1121           
1 44929U 20001R   20053.58334491  .00219645  00000-0  14642-1 0  9993
2 44929  52.9993 174.7056 0001007  51.0534 178.5184 15.05549935  7202
STARLINK-1123           
1 44930U 20001S   20053.57434052 -.00135934  00000-0 -93005-2 0  9999
2 44930  52.9982 174.7329 0001099 113.1670 246.9434 15.06328971  7212
STARLINK-1128           
1 44931U 20001T   20053.58334491 -.00139760  00000-0 -98142-2 0  9995
2 44931  52.9986 174.2963 0001389  84.4345 251.4112 15.05387321  7955
STARLINK-1130 (DARKSAT) 
1 44932U 20001U   20053.58334491 -.00083431  00000-0 -58644-2 0  9992
2 44932  52.9966 174.4009 0001478  96.3570 168.5689 15.05006421  8449
STARLINK-1144           
1 44933U 20001V   20053.58334491  .00036228  00000-0  24924-2 0  9997
2 44933  52.9998 174.7026 0001551  67.6811 269.9102 15.05585830  8495
STARLINK-1071           
1 44934U 20001W   20053.58334491  .00024772  00000-0  18004-3 0  9992
2 44934  52.9956 165.5864 0007189   5.7489 190.4764 15.73215787  1777
STARLINK-1072           
1 44935U 20001X   20053.58334491  .00028806  00000-0  20886-3 0  9996
2 44935  52.9958 165.5717 0001626  21.8163 182.0986 15.73205296  1772
STARLINK-1078           
1 44936U 20001Y   20053.58334491  .00010694  00000-0  80457-4 0  9994
2 44936  52.9956 165.5831 0001671  27.0813 170.8591 15.73213534  1779
STARLINK-1079           
1 44937U 20001Z   20053.58334491  .00022894  00000-0  16689-3 0  9995
2 44937  52.9957 165.5754 0001613   5.3751 196.7476 15.73224017  1778
STARLINK-1082           
1 44938U 20001AA  20053.58334491  .00047455  00000-0  34059-3 0  9997
2 44938  52.9957 165.5972 0001797  24.5696 167.3523 15.73197023  1778
STARLINK-1083           
1 44939U 20001AB  20053.58334491  .00105449  00000-0  74599-3 0  9999
2 44939  52.9957 165.6012 0001650  13.7173 176.4692 15.73205662  1770
STARLINK-1091           
1 44940U 20001AC  20053.58334491  .00013152  00000-0  97938-4 0  9993
2 44940  52.9956 165.5686 0001559  36.8921 167.8114 15.73206238  1775
STARLINK-1094           
1 44941U 20001AD  20053.58334491 -.00000164  00000-0  32517-5 0  9997
2 44941  52.9956 165.5787 0001574  16.4499 183.1636 15.73231608  7336
STARLINK-1096           
1 44942U 20001AE  20053.58334491  .00008586  00000-0  65439-4 0  9991
2 44942  52.9956 165.5721 0008711   5.9497 197.0544 15.73208000  7338
STARLINK-1100           
1 44943U 20001AF  20053.58334491  .00034173  00000-0  24671-3 0  9995
2 44943  52.9957 165.5987 0001629  16.7479 174.4297 15.73213608  1771
STARLINK-1108           
1 44944U 20001AG  20053.58334491  .00049256  00000-0  35270-3 0  9991
2 44944  52.9958 165.5864 0001692  14.9307 182.0419 15.73235188  1775
STARLINK-1109           
1 44945U 20001AH  20053.58334491  .00023086  00000-0  16820-3 0  9995
2 44945  52.9957 165.5681 0001642  15.7029 189.8645 15.73230577  7338
STARLINK-1110           
1 44946U 20001AJ  20053.58334491  .00044286  00000-0  31799-3 0  9993
2 44946  52.9957 165.5901 0001774  24.4300 170.7862 15.73216842  1770
STARLINK-1116           
1 44947U 20001AK  20053.58334491 -.00001351  00000-0 -51873-5 0  9999
2 44947  52.9956 165.5758 0001653  13.4855 187.8596 15.73229563  1776
STARLINK-1118           
1 44948U 20001AL  20053.44007832  .00046386  00000-0  16115-3 0  9994
2 44948  52.9949 165.0291 0001805   3.4930 356.6106 15.88959537  7336
STARLINK-1122           
1 44949U 20001AM  20053.58334491  .00069742  00000-0  49702-3 0  9993
2 44949  52.9957 165.5933 0001657  13.5492 180.0894 15.73203446  7332
STARLINK-1125           
1 44950U 20001AN  20053.58334491  .00031176  00000-0  22534-3 0  9999
2 44950  52.9954 165.6008 0001633  16.2844 173.0612 15.73234417  7332
STARLINK-1126           
1 44951U 20001AP  20053.58334491  .00003784  00000-0  31355-4 0  9996
2 44951  52.9956 165.5939 0001962   6.5730 186.3356 15.73213834  8623
STARLINK-1117           
1 44952U 20001AQ  20053.58334491  .00005359  00000-0  42555-4 0  9991
2 44952  52.9965 165.5849 0001814   9.5968 189.1306 15.73210127  1773
STARLINK-1124           
1 44953U 20001AR  20053.58334491  .00000246  00000-0  61739-5 0  9998
2 44953  52.9968 163.3019 0001632  24.7278 200.4246 15.73233147  8654
STARLINK-1066           
1 44954U 20001AS  20053.58334491  .00006544  00000-0  50974-4 0  9994
2 44954  52.9959 165.5331 0001591  17.2845 205.3248 15.73211958  1775
STARLINK-1069           
1 44955U 20001AT  20053.58334491 -.00010813  00000-0 -72585-4 0  9993
2 44955  52.9958 165.5373 0001605  14.5783 205.4562 15.73233633  7273
STARLINK-1070           
1 44956U 20001AU  20053.58334491  .00658039  00000-0  43878-2 0  9991
2 44956  52.9959 165.5581 0002148 315.4953 266.0777 15.72914841  1777
STARLINK-1074           
1 44957U 20001AV  20053.58334491 -.00011255  00000-0 -75630-4 0  9990
2 44957  52.9959 165.5506 0001675  19.1885 194.7803 15.73265623  7334
STARLINK-1075           
1 44958U 20001AW  20053.58334491  .00013724  00000-0  10199-3 0  9990
2 44958  52.9959 165.5473 0001636   6.7510 209.0171 15.73206995  7337
STARLINK-1076           
1 44959U 20001AX  20053.58334491 -.00015991  00000-0 -10949-3 0  9994
2 44959  52.9958 165.5571 0001651  19.1280 191.5148 15.73242927  1771
STARLINK-1077           
1 44960U 20001AY  20053.58334491  .00007577  00000-0  58313-4 0  9993
2 44960  52.9957 165.5436 0001742  24.2843 192.3737 15.73215232  7335
STARLINK-1080           
1 44961U 20001AZ  20053.58334491  .00015031  00000-0  11128-3 0  9990
2 44961  52.9958 165.5607 0001804  23.4060 185.5956 15.73205008  7335
STARLINK-1081           
1 44962U 20001BA  20053.58334491 -.00011429  00000-0 -76962-4 0  9998
2 44962  52.9958 165.5333 0001616  18.8697 202.8834 15.73240168  1773
STARLINK-1085           
1 44963U 20001BB  20053.58334491 -.00016014  00000-0 -10971-3 0  9991
2 44963  52.9960 165.5402 0001867 347.6997 231.4646 15.73229766  1778
STARLINK-1086           
1 44964U 20001BC  20053.58334491  .00014607  00000-0  10821-3 0  9990
2 44964  52.9957 165.5401 0001738  16.5643 201.8153 15.73218331  7339
STARLINK-1087           
1 44965U 20001BD  20053.58334491  .00005410  00000-0  42878-4 0  9991
2 44965  52.9958 165.5522 0001750 355.8864 217.3375 15.73234039  1776
STARLINK-1088           
1 44966U 20001BE  20053.58334491  .00017943  00000-0  13182-3 0  9991
2 44966  52.9958 165.5537 0006784   5.4653 206.9280 15.73205780  1779
STARLINK-1089           
1 44967U 20001BF  20053.58334491  .00009581  00000-0  72502-4 0  9993
2 44967  52.9956 165.5630 0001830  11.5963 195.5796 15.73230042  7333
STARLINK-1090           
1 44968U 20001BG  20053.58334491  .00005875  00000-0  46185-4 0  9994
2 44968  52.9958 165.5628 0001771  22.7432 185.2984 15.73232070  1772
STARLINK-1092           
1 44969U 20001BH  20053.58334491 -.00006317  00000-0 -40593-4 0  9996
2 44969  52.9958 165.5581 0001678  19.1390 190.7212 15.73206023  7332
STARLINK-1093           
1 44970U 20001BJ  20053.58334491  .00001497  00000-0  15065-4 0  9996
2 44970  52.9957 165.5466 0001628  11.0445 203.8864 15.73232768  7336
STARLINK-1095           
1 44971U 20001BK  20053.58334491 -.00003724  00000-0 -22093-4 0  9993
2 44971  52.9958 165.5432 0001760  23.6617 193.8507 15.73216303  7337
STARLINK-1107           
1 44972U 20001BL  20053.58334491  .00000257  00000-0  63161-5 0  9992
2 44972  52.9957 165.5655 0007155   4.1267 202.4009 15.73221726  7332
STARLINK-1115           
1 44973U 20001BM  20053.58334491 -.00004916  00000-0 -30582-4 0  9991
2 44973  52.9957 165.5543 0001774  11.0823 200.4733 15.73222078  7338
FALCON 9 DEB            
1 44974U 20001BN  20053.51212357  .00352485  73363-4  34615-3 0  9992
2 44974  52.9929 157.2837 0006740  48.5728 311.5884 16.10810294  7447
FALCON 9 DEB            
1 44975U 20001BP  20053.50659341  .00131834  20012-4  13254-3 0  9992
2 44975  52.9935 157.2478 0006736  54.6553 305.5109 16.10699795  7449
FALCON 9 DEB            
1 44976U 20001BQ  20053.53351606  .00423595  10631-3  35099-3 0  9993
2 44976  52.9926 156.6829 0005717  28.5349 331.5998 16.13306101  7459
FALCON 9 DEB            
1 44977U 20001BR  20053.44715437  .00497959  15077-3  35182-3 0  9997
2 44977  52.9909 156.8417 0004331  27.9148 332.2119 16.15574404  7444
STARLINK-1132           
1 45044U 20006A   20053.58565054 -.00178647  00000-0 -11972-2 0  9990
2 45044  52.9996 114.6500 0002444  65.9971 294.1303 15.75013347  3828
STARLINK-1120           
1 45045U 20006B   20053.58958576 -.00460873  00000-0 -83117-2 0  9991
2 45045  52.9998 117.6423 0001689  87.1957 272.9244 15.50833081  3789
STARLINK-1129           
1 45046U 20006C   20053.58334491 -.00031066  00000-0 -59237-3 0  9991
2 45046  52.9995 117.8566 0001331  58.4273 143.8900 15.47333181  4118
STARLINK-1131           
1 45047U 20006D   20053.59132083 -.00495570  00000-0 -90510-2 0  9998
2 45047  53.0001 117.6225 0001867  86.8323 273.2898 15.50602862  3789
STARLINK-1134           
1 45048U 20006E   20053.58334491 -.00035387  00000-0 -67971-3 0  9997
2 45048  52.9980 117.8538 0001188  74.7665 118.2329 15.47189953  4116
STARLINK-1135           
1 45049U 20006F   20053.58334491 -.00039627  00000-0 -76484-3 0  9998
2 45049  52.9987 117.8681 0001202  71.6988 111.2110 15.47104564  4110
STARLINK-1140           
1 45050U 20006G   20053.58334491 -.00043592  00000-0 -84930-3 0  9991
2 45050  52.9985 117.9120 0001199  69.6494  93.7788 15.46878753  4115
STARLINK-1141           
1 45051U 20006H   20053.55238810 -.00438777  00000-0 -85546-2 0  9993
2 45051  52.9993 118.0245 0001686 165.3105 194.7951 15.48556181  3774
STARLINK-1148           
1 45052U 20006J   20053.58334491 -.00041132  00000-0 -80688-3 0  9997
2 45052  52.9980 117.9572 0001123  76.2772  67.6021 15.46654740  4111
STARLINK-1155           
1 45053U 20006K   20053.58118292 -.00415098  00000-0 -72453-2 0  9993
2 45053  52.9991 117.6614 0001462  94.3086 265.8089 15.51582776  3786
STARLINK-1156           
1 45054U 20006L   20053.58334491 -.00042631  00000-0 -83355-3 0  9998
2 45054  52.9988 117.9313 0001296  57.6970  96.0011 15.46765468  4113
STARLINK-1157           
1 45055U 20006M   20053.57620688 -.00445054  00000-0 -77374-2 0  9993
2 45055  52.9995 117.6255 0001865  79.8981 280.2238 15.51797223  3784
STARLINK-1158           
1 45056U 20006N   20053.55946020 -.00387259  00000-0 -76616-2 0  9993
2 45056  52.9994 118.0684 0001108 188.6320 171.4667 15.47951888  3771
STARLINK-1159           
1 45057U 20006P   20053.57786226 -.00428908  00000-0 -74592-2 0  9994
2 45057  52.9993 117.6364 0000840 102.2885 257.8217 15.51735921  3785
STARLINK-1162           
1 45058U 20006Q   20053.57462341 -.00424457  00000-0 -73134-2 0  9990
2 45058  52.9999 117.6143 0001929  87.3160 272.8069 15.51972870  3783
STARLINK-1165           
1 45059U 20006R   20053.58456106 -.00412420  00000-0 -72504-2 0  9991
2 45059  52.9996 117.6853 0001383 104.1626 255.9535 15.51373975  3789
STARLINK-1166           
1 45060U 20006S   20053.58295449 -.00474249  00000-0 -84348-2 0  9990
2 45060  52.9998 117.6737 0002698 203.9726 156.1157 15.51262382  3784
STARLINK-1169           
1 45061U 20006T   20053.58633377 -.00490081  00000-0 -88294-2 0  9993
2 45061  53.0002 117.6812 0001820  85.5453 274.5762 15.50965147  3789
STARLINK-1171           
1 45062U 20006U   20053.57958569 -.00435077  00000-0 -76016-2 0  9999
2 45062  53.0002 117.6544 0001925  73.9419 286.1800 15.51623590  3787
STARLINK-1178           
1 45063U 20006V   20053.58801438 -.00497270  00000-0 -90145-2 0  9995
2 45063  53.0001 117.6562 0001475  91.6383 268.4793 15.50820090  3781
STARLINK-1133           
1 45064U 20006W   20053.52317177  .00022393  00000-0  16334-3 0  9999
2 45064  52.9980 116.4574 0001549  48.2158 311.8991 15.73224549  3792
STARLINK-1139           
1 45065U 20006X   20053.58654241  .00036332  00000-0  26140-3 0  9996
2 45065  52.9979 116.1407 0001828  42.1426 317.9731 15.73263017  3808
STARLINK-1145           
1 45066U 20006Y   20053.58760681  .00029270  00000-0  21192-3 0  9998
2 45066  52.9984 116.1471 0001977  47.5889 312.5295 15.73230287  3802
STARLINK-1150           
1 45067U 20006Z   20053.58687333 -.00150356  00000-0 -99281-3 0  9997
2 45067  52.9990 114.6567 0001725  51.2960 308.8212 15.75263741  3824
STARLINK-1161           
1 45068U 20006AA  20053.58744940  .00045841  00000-0  32837-3 0  9990
2 45068  52.9984 116.1467 0002000  43.7525 316.3651 15.73256919  3800
STARLINK-1163           
1 45069U 20006AB  20053.52430126 -.00216072  00000-0 -14421-2 0  9999
2 45069  52.9988 114.9788 0000859  35.5078 324.5997 15.75227783  3813
STARLINK-1164           
1 45070U 20006AC  20053.58820013  .00048887  00000-0  34980-3 0  9993
2 45070  52.9979 116.1490 0001334  47.6836 312.4294 15.73255815  3804
STARLINK-1167           
1 45071U 20006AD  20053.52498806  .00023903  00000-0  15501-3 0  9999
2 45071  52.9993 114.9858 0008090 272.1312  87.8780 15.75880809  3818
STARLINK-1168           
1 45072U 20006AE  20053.58334491  .00074927  00000-0  53382-3 0  9996
2 45072  52.9965 116.1786 0001469  46.7839 284.9600 15.73181678  4148
STARLINK-1170           
1 45073U 20006AF  20053.51149898  .00146787  19003-4  47052-3 0  9993
2 45073  52.9988 114.8961 0009803 344.6097  15.4628 15.90692217  3815
STARLINK-1172           
1 45074U 20006AG  20053.52422810  .00011929  00000-0  89210-4 0  9998
2 45074  52.9982 116.4641 0000957  18.0187 342.0864 15.73216905  3791
STARLINK-1174           
1 45075U 20006AH  20053.58639263  .00042057  00000-0  30179-3 0  9992
2 45075  52.9977 116.1390 0001776  35.0765 325.0369 15.73255538  3803
STARLINK-1180           
1 45076U 20006AJ  20053.58608291  .00038656  00000-0  27790-3 0  9995
2 45076  52.9985 116.1374 0003301 323.0549  37.0241 15.73247523  3805
STARLINK-1182           
1 45077U 20006AK  20053.52453589  .00018555  00000-0  13625-3 0  9996
2 45077  52.9991 116.4665 0002393  33.3023 326.8145 15.73208773  3791
STARLINK-1177           
1 45078U 20006AL  20053.58334491  .00088169  00000-0  57341-3 0  9994
2 45078  52.9972 114.6969 0001610  62.5843 267.6784 15.75232385  3815
STARLINK-1149           
1 45079U 20006AM  20053.57566174 -.00028855  00000-0 -17108-3 0  9994
2 45079  52.9983 114.5826 0001806  69.6438 290.4775 15.76957639  3826
STARLINK-1153           
1 45080U 20006AN  20053.58595238  .00025154  00000-0  18293-3 0  9993
2 45080  52.9980 116.1365 0001120  35.5677 324.5414 15.73217146  3803
STARLINK-1151           
1 45081U 20006AP  20053.58686792 -.00003572  00000-0 -21056-4 0  9994
2 45081  52.9986 116.1438 0001272  49.0172 311.0955 15.73179269  3803
STARLINK-1160           
1 45082U 20006AQ  20053.58334491  .00079950  00000-0  56821-3 0  9999
2 45082  52.9963 116.1665 0001541  39.0107 298.6715 15.73212815  1770
STARLINK-1190           
1 45083U 20006AR  20053.59303656 -.00469698  00000-0 -85731-2 0  9995
2 45083  52.9993 117.5913 0001707 114.8366 245.2819 15.50528810  3784
STARLINK-1173           
1 45084U 20006AS  20053.58334491  .00087229  00000-0  57183-3 0  9991
2 45084  52.9972 114.7005 0001147 308.0433  20.0872 15.75053988  4272
STARLINK-1179           
1 45085U 20006AT  20053.58334491  .00192361  00000-0  88064-3 0  9998
2 45085  52.9964 114.0791 0001469  66.3192 202.0032 15.82651621  4177
STARLINK-1181           
1 45086U 20006AU  20053.58334491  .00071290  00000-0  50842-3 0  9999
2 45086  52.9972 116.1864 0001518  45.8562 282.4370 15.73177859  4149
STARLINK-1185           
1 45087U 20006AV  20053.58985839  .00024061  00000-0  17521-3 0  9999
2 45087  52.9988 116.1622 0001348  54.5583 305.5559 15.73215349  3805
STARLINK-1183           
1 45088U 20006AW  20053.52528126  .00032399  00000-0  23392-3 0  9992
2 45088  52.9991 116.4712 0002323  37.8457 322.2723 15.73238771  3792
STARLINK-1136           
1 45089U 20006AX  20053.58334491  .00088892  00000-0  57064-3 0  9991
2 45089  52.9971 114.7333 0000776   8.0438 304.3616 15.75528141  3810
STARLINK-1176           
1 45090U 20006AY  20053.58334491  .00406241  00000-0  18192-2 0  9993
2 45090  52.9963 114.0834 0001140  42.7990 223.3863 15.82549564  3821
STARLINK-1127           
1 45091U 20006AZ  20053.52755874 -.00017342  00000-0 -11955-3 0  9993
2 45091  52.9996 116.4863 0004161  36.6017 323.5284 15.73145687  3798
STARLINK-1137           
1 45092U 20006BA  20053.52723091  .00038216  00000-0  27493-3 0  9995
2 45092  52.9991 116.4851 0001549  55.5821 304.5342 15.73240900  3799
STARLINK-1142           
1 45093U 20006BB  20053.52738052  .00028599  00000-0  20696-3 0  9990
2 45093  52.9991 116.4850 0001684  40.2350 319.8791 15.73255121  3795
STARLINK-1146           
1 45094U 20006BC  20053.52677217  .00029438  00000-0  21310-3 0  9993
2 45094  52.9992 116.4810 0003243 330.8484  29.2351 15.73228016  3799
STARLINK-1147           
1 45095U 20006BD  20053.59016257  .00001706  00000-0  16574-4 0  9997
2 45095  52.9985 116.1639 0000953  54.6452 305.4655 15.73193923  3805
STARLINK-1152           
1 45096U 20006BE  20053.59046554  .00030837  00000-0  22276-3 0  9993
2 45096  52.9994 116.1673 0001939   0.6998 359.4022 15.73254199  3805
STARLINK-1175           
1 45097U 20006BF  20053.52648736  .00011246  00000-0  84454-4 0  9997
2 45097  52.9993 116.4787 0002206  17.3787 342.7305 15.73192063  3791
STARLINK-1184           
1 45098U 20006BG  20053.52768381  .00030841  00000-0  22294-3 0  9992
2 45098  52.9987 116.4867 0001046  58.6914 301.4206 15.73238171  3798
STARLINK-1186           
1 45099U 20006BH  20053.58969741  .00009129  00000-0  69358-4 0  9990
2 45099  52.9986 116.1603 0001030  57.7260 302.3857 15.73206261  3809
STARLINK-1193           
1 45100U 20006BJ  20053.59136895  .00033404  00000-0  24101-3 0  9999
2 45100  52.9996 116.1733 0001643  46.0831 314.0322 15.73240216  3807
STARLINK-1194           
1 45101U 20006BK  20053.59150231  .00025427  00000-0  18478-3 0  9996
2 45101  52.9991 116.1730 0001535  54.0114 306.1045 15.73227658  3802
STARLINK-1195           
1 45102U 20006BL  20053.59060871 -.00001560  00000-0 -67020-5 0  9990
2 45102  52.9991 116.1677 0001210  34.9410 325.1686 15.73185209  3806
STARLINK-1196           
1 45103U 20006BM  20053.58334491  .00087364  00000-0  62090-3 0  9996
2 45103  52.9967 116.1906 0002088 336.0285 349.7140 15.73176101  4141
FALCON 9 DEB            
1 45104U 20006BN  20053.53201818  .00173148  24029-4  30207-3 0  9990
2 45104  52.9977 113.5231 0014167  47.0168 313.2047 16.01614308  3830
FALCON 9 DEB            
1 45105U 20006BP  20053.52902122  .00161376  22366-4  28160-3 0  9993
2 45105  52.9983 113.5045 0015307  53.8528 306.3916 16.01599973  3831
FALCON 9 DEB            
1 45106U 20006BQ  20053.57534775  .00171823  24105-4  27794-3 0  9997
2 45106  52.9971 113.0746 0012008  60.5813 299.6414 16.02950784  3849
FALCON 9 DEB            
1 45107U 20006BR  20053.56681392  .00202597  29386-4  30536-3 0  9992
2 45107  52.9971 113.0175 0013804  67.4316 292.8174 16.04022742  3849
